Figure S5. Variation of the zonally-averaged AlO centroid height and RMS width (km), 
as a function of latitude and month. Averaged data from 2004-2014.
 Month, Latitude, Centroid height (km),RMS width (km)
   1 -90.00 0.9042070E+02 0.3627890E+01
   1 -88.11 0.9038860E+02 0.3604590E+01
   1 -86.21 0.9030010E+02 0.3547710E+01
   1 -84.32 0.9019890E+02 0.3511250E+01
   1 -82.42 0.9011410E+02 0.3526110E+01
   1 -80.53 0.9004440E+02 0.3580440E+01
   1 -78.63 0.8997300E+02 0.3654530E+01
   1 -76.74 0.8989310E+02 0.3727790E+01
   1 -74.84 0.8979440E+02 0.3791690E+01
   1 -72.95 0.8968370E+02 0.3842850E+01
   1 -71.05 0.8956080E+02 0.3882280E+01
   1 -69.16 0.8943860E+02 0.3913130E+01
   1 -67.26 0.8932020E+02 0.3938430E+01
   1 -65.37 0.8921000E+02 0.3963380E+01
   1 -63.47 0.8915840E+02 0.3998740E+01
   1 -61.58 0.8914030E+02 0.4039820E+01
   1 -59.68 0.8916950E+02 0.4085970E+01
   1 -57.79 0.8921100E+02 0.4126410E+01
   1 -55.89 0.8927450E+02 0.4172960E+01
   1 -54.00 0.8936970E+02 0.4231650E+01
   1 -52.11 0.8948600E+02 0.4288650E+01
   1 -50.21 0.8960420E+02 0.4330680E+01
   1 -48.32 0.8971990E+02 0.4355780E+01
   1 -46.42 0.8982860E+02 0.4366600E+01
   1 -44.53 0.8992880E+02 0.4369730E+01
   1 -42.63 0.9001950E+02 0.4370200E+01
   1 -40.74 0.9009900E+02 0.4371500E+01
   1 -38.84 0.9016680E+02 0.4375800E+01
   1 -36.95 0.9022810E+02 0.4384370E+01
   1 -35.05 0.9028180E+02 0.4397990E+01
   1 -33.16 0.9032460E+02 0.4414380E+01
   1 -31.26 0.9036550E+02 0.4436100E+01
   1 -29.37 0.9040470E+02 0.4460980E+01
   1 -27.47 0.9044300E+02 0.4489460E+01
   1 -25.58 0.9047940E+02 0.4519580E+01
   1 -23.68 0.9051960E+02 0.4552080E+01
   1 -21.79 0.9055670E+02 0.4584350E+01
   1 -19.89 0.9060340E+02 0.4618200E+01
   1 -18.00 0.9064550E+02 0.4649260E+01
   1 -16.11 0.9069600E+02 0.4679320E+01
   1 -14.21 0.9074370E+02 0.4702780E+01
   1 -12.32 0.9079600E+02 0.4721610E+01
   1 -10.42 0.9085870E+02 0.4737800E+01
   1  -8.53 0.9090700E+02 0.4746740E+01
   1  -6.63 0.9096910E+02 0.4754560E+01
   1  -4.74 0.9104260E+02 0.4760820E+01
   1  -2.84 0.9109390E+02 0.4760380E+01
   1  -0.95 0.9114380E+02 0.4756610E+01
   1   0.95 0.9123030E+02 0.4757110E+01
   1   2.84 0.9127530E+02 0.4752500E+01
   1   4.74 0.9131260E+02 0.4748100E+01
   1   6.63 0.9136330E+02 0.4749740E+01
   1   8.53 0.9140190E+02 0.4754850E+01
   1  10.42 0.9141290E+02 0.4765580E+01
   1  12.32 0.9142060E+02 0.4786260E+01
   1  14.21 0.9144370E+02 0.4820860E+01
   1  16.11 0.9145310E+02 0.4864140E+01
   1  18.00 0.9145250E+02 0.4917550E+01
   1  19.89 0.9147290E+02 0.4983860E+01
   1  21.79 0.9149200E+02 0.5056770E+01
   1  23.68 0.9151600E+02 0.5134390E+01
   1  25.58 0.9155730E+02 0.5216230E+01
   1  27.47 0.9160260E+02 0.5298390E+01
   1  29.37 0.9165620E+02 0.5377140E+01
   1  31.26 0.9172810E+02 0.5453670E+01
   1  33.16 0.9179330E+02 0.5526730E+01
   1  35.05 0.9186150E+02 0.5600440E+01
   1  36.95 0.9193060E+02 0.5673750E+01
   1  38.84 0.9199360E+02 0.5744410E+01
   1  40.74 0.9206840E+02 0.5815100E+01
   1  42.63 0.9213770E+02 0.5888230E+01
   1  44.53 0.9221820E+02 0.5961460E+01
   1  46.42 0.9229240E+02 0.6032230E+01
   1  48.32 0.9238120E+02 0.6097500E+01
   1  50.21 0.9246800E+02 0.6153080E+01
   1  52.11 0.9256080E+02 0.6194800E+01
   1  54.00 0.9265400E+02 0.6220350E+01
   1  55.89 0.9273680E+02 0.6229090E+01
   1  57.79 0.9281560E+02 0.6220230E+01
   1  59.68 0.9289690E+02 0.6198070E+01
   1  61.58 0.9299260E+02 0.6168210E+01
   1  63.47 0.9310490E+02 0.6134740E+01
   1  65.37 0.9322420E+02 0.6091490E+01
   1  67.26 0.9335040E+02 0.6025380E+01
   1  69.16 0.9349810E+02 0.5936740E+01
   1  71.05 0.9371670E+02 0.5838440E+01
   1  72.95 0.9412240E+02 0.5728650E+01
   1  74.84 0.9505620E+02 0.5485540E+01
   1  76.74 0.9617610E+02 0.5135380E+01
   1  78.63 0.9720300E+02 0.4718210E+01
   1  80.53 0.9771950E+02 0.4569130E+01
   1  82.42 0.9793210E+02 0.4572620E+01
   1  84.32 0.9806710E+02 0.4577220E+01
   1  86.21 0.9814940E+02 0.4578690E+01
   1  88.11 0.9820510E+02 0.4573940E+01
   1  90.00 0.9822830E+02 0.4567670E+01
   2 -90.00 0.8974990E+02 0.4246220E+01
   2 -88.11 0.8971430E+02 0.4224360E+01
   2 -86.21 0.8962410E+02 0.4176260E+01
   2 -84.32 0.8953350E+02 0.4149890E+01
   2 -82.42 0.8946420E+02 0.4168050E+01
   2 -80.53 0.8941600E+02 0.4219720E+01
   2 -78.63 0.8937920E+02 0.4289130E+01
   2 -76.74 0.8935210E+02 0.4359760E+01
   2 -74.84 0.8931910E+02 0.4419020E+01
   2 -72.95 0.8932910E+02 0.4470750E+01
   2 -71.05 0.8935770E+02 0.4515440E+01
   2 -69.16 0.8939860E+02 0.4560570E+01
   2 -67.26 0.8943890E+02 0.4612000E+01
   2 -65.37 0.8947030E+02 0.4670980E+01
   2 -63.47 0.8948720E+02 0.4727120E+01
   2 -61.58 0.8950020E+02 0.4769150E+01
   2 -59.68 0.8951590E+02 0.4796140E+01
   2 -57.79 0.8954280E+02 0.4814870E+01
   2 -55.89 0.8959710E+02 0.4838530E+01
   2 -54.00 0.8968210E+02 0.4868290E+01
   2 -52.11 0.8978430E+02 0.4890900E+01
   2 -50.21 0.8988760E+02 0.4896650E+01
   2 -48.32 0.8998520E+02 0.4884060E+01
   2 -46.42 0.9007900E+02 0.4857210E+01
   2 -44.53 0.9016410E+02 0.4824110E+01
   2 -42.63 0.9023980E+02 0.4791390E+01
   2 -40.74 0.9030560E+02 0.4761610E+01
   2 -38.84 0.9036210E+02 0.4737900E+01
   2 -36.95 0.9040960E+02 0.4721000E+01
   2 -35.05 0.9045370E+02 0.4712140E+01
   2 -33.16 0.9049330E+02 0.4709730E+01
   2 -31.26 0.9052940E+02 0.4713830E+01
   2 -29.37 0.9056060E+02 0.4721430E+01
   2 -27.47 0.9059280E+02 0.4732580E+01
   2 -25.58 0.9062420E+02 0.4745950E+01
   2 -23.68 0.9065640E+02 0.4760500E+01
   2 -21.79 0.9069270E+02 0.4776550E+01
   2 -19.89 0.9072920E+02 0.4792420E+01
   2 -18.00 0.9076540E+02 0.4806630E+01
   2 -16.11 0.9080800E+02 0.4820080E+01
   2 -14.21 0.9085270E+02 0.4831890E+01
   2 -12.32 0.9089530E+02 0.4840470E+01
   2 -10.42 0.9094030E+02 0.4846650E+01
   2  -8.53 0.9098770E+02 0.4850240E+01
   2  -6.63 0.9102540E+02 0.4848390E+01
   2  -4.74 0.9105750E+02 0.4841670E+01
   2  -2.84 0.9108840E+02 0.4830470E+01
   2  -0.95 0.9113990E+02 0.4820320E+01
   2   0.95 0.9117360E+02 0.4806500E+01
   2   2.84 0.9118710E+02 0.4790180E+01
   2   4.74 0.9119210E+02 0.4775520E+01
   2   6.63 0.9119100E+02 0.4765490E+01
   2   8.53 0.9119350E+02 0.4762930E+01
   2  10.42 0.9119380E+02 0.4768830E+01
   2  12.32 0.9118820E+02 0.4784280E+01
   2  14.21 0.9118080E+02 0.4810500E+01
   2  16.11 0.9117570E+02 0.4848230E+01
   2  18.00 0.9117780E+02 0.4896170E+01
   2  19.89 0.9118210E+02 0.4951430E+01
   2  21.79 0.9119040E+02 0.5012920E+01
   2  23.68 0.9120230E+02 0.5077870E+01
   2  25.58 0.9122570E+02 0.5142980E+01
   2  27.47 0.9125760E+02 0.5208580E+01
   2  29.37 0.9129650E+02 0.5273300E+01
   2  31.26 0.9134010E+02 0.5337740E+01
   2  33.16 0.9138910E+02 0.5400510E+01
   2  35.05 0.9143790E+02 0.5460530E+01
   2  36.95 0.9148090E+02 0.5520490E+01
   2  38.84 0.9152050E+02 0.5579220E+01
   2  40.74 0.9156180E+02 0.5636050E+01
   2  42.63 0.9159750E+02 0.5694510E+01
   2  44.53 0.9163130E+02 0.5752410E+01
   2  46.42 0.9167210E+02 0.5809760E+01
   2  48.32 0.9171480E+02 0.5864430E+01
   2  50.21 0.9176110E+02 0.5914380E+01
   2  52.11 0.9181550E+02 0.5955490E+01
   2  54.00 0.9187200E+02 0.5984650E+01
   2  55.89 0.9192950E+02 0.5999660E+01
   2  57.79 0.9197800E+02 0.6002940E+01
   2  59.68 0.9202270E+02 0.5998740E+01
   2  61.58 0.9207460E+02 0.5991940E+01
   2  63.47 0.9214140E+02 0.5984020E+01
   2  65.37 0.9221280E+02 0.5966420E+01
   2  67.26 0.9226930E+02 0.5929410E+01
   2  69.16 0.9231270E+02 0.5873650E+01
   2  71.05 0.9236780E+02 0.5815120E+01
   2  72.95 0.9247780E+02 0.5781230E+01
   2  74.84 0.9268070E+02 0.5800390E+01
   2  76.74 0.9299130E+02 0.5878470E+01
   2  78.63 0.9337310E+02 0.5966530E+01
   2  80.53 0.9389580E+02 0.5998260E+01
   2  82.42 0.9451380E+02 0.5961010E+01
   2  84.32 0.9524850E+02 0.5816900E+01
   2  86.21 0.9607060E+02 0.5530520E+01
   2  88.11 0.9701010E+02 0.4990780E+01
   2  90.00 0.9739990E+02 0.4692810E+01
   3 -90.00 0.9110980E+02 0.5248740E+01
   3 -88.11 0.9105760E+02 0.5217370E+01
   3 -86.21 0.9095410E+02 0.5143530E+01
   3 -84.32 0.9090980E+02 0.5091000E+01
   3 -82.42 0.9092520E+02 0.5096130E+01
   3 -80.53 0.9099170E+02 0.5144490E+01
   3 -78.63 0.9108430E+02 0.5216160E+01
   3 -76.74 0.9118800E+02 0.5294850E+01
   3 -74.84 0.9128030E+02 0.5366220E+01
   3 -72.95 0.9131930E+02 0.5430660E+01
   3 -71.05 0.9130610E+02 0.5471740E+01
   3 -69.16 0.9125820E+02 0.5494370E+01
   3 -67.26 0.9118880E+02 0.5506230E+01
   3 -65.37 0.9111010E+02 0.5516610E+01
   3 -63.47 0.9103470E+02 0.5526760E+01
   3 -61.58 0.9096550E+02 0.5528050E+01
   3 -59.68 0.9090440E+02 0.5522740E+01
   3 -57.79 0.9085400E+02 0.5513770E+01
   3 -55.89 0.9083050E+02 0.5513090E+01
   3 -54.00 0.9083790E+02 0.5522390E+01
   3 -52.11 0.9086340E+02 0.5526000E+01
   3 -50.21 0.9088590E+02 0.5513290E+01
   3 -48.32 0.9090040E+02 0.5483860E+01
   3 -46.42 0.9090460E+02 0.5440770E+01
   3 -44.53 0.9090270E+02 0.5391300E+01
   3 -42.63 0.9089520E+02 0.5339740E+01
   3 -40.74 0.9088250E+02 0.5288270E+01
   3 -38.84 0.9086610E+02 0.5239830E+01
   3 -36.95 0.9084970E+02 0.5194940E+01
   3 -35.05 0.9083350E+02 0.5154220E+01
   3 -33.16 0.9082180E+02 0.5117710E+01
   3 -31.26 0.9081610E+02 0.5085530E+01
   3 -29.37 0.9081600E+02 0.5057660E+01
   3 -27.47 0.9081720E+02 0.5032130E+01
   3 -25.58 0.9081950E+02 0.5008940E+01
   3 -23.68 0.9082290E+02 0.4988640E+01
   3 -21.79 0.9082800E+02 0.4972480E+01
   3 -19.89 0.9083640E+02 0.4961290E+01
   3 -18.00 0.9084730E+02 0.4952320E+01
   3 -16.11 0.9085950E+02 0.4944830E+01
   3 -14.21 0.9087380E+02 0.4938870E+01
   3 -12.32 0.9089030E+02 0.4932860E+01
   3 -10.42 0.9091050E+02 0.4926560E+01
   3  -8.53 0.9093530E+02 0.4921270E+01
   3  -6.63 0.9096240E+02 0.4915640E+01
   3  -4.74 0.9098850E+02 0.4907840E+01
   3  -2.84 0.9101000E+02 0.4895220E+01
   3  -0.95 0.9101470E+02 0.4878600E+01
   3   0.95 0.9101170E+02 0.4863200E+01
   3   2.84 0.9099880E+02 0.4849500E+01
   3   4.74 0.9097540E+02 0.4836680E+01
   3   6.63 0.9094340E+02 0.4823940E+01
   3   8.53 0.9090570E+02 0.4813540E+01
   3  10.42 0.9086830E+02 0.4807120E+01
   3  12.32 0.9083370E+02 0.4808970E+01
   3  14.21 0.9080420E+02 0.4820510E+01
   3  16.11 0.9078020E+02 0.4842270E+01
   3  18.00 0.9076270E+02 0.4873160E+01
   3  19.89 0.9075050E+02 0.4911480E+01
   3  21.79 0.9074480E+02 0.4956330E+01
   3  23.68 0.9074420E+02 0.5004850E+01
   3  25.58 0.9074790E+02 0.5053820E+01
   3  27.47 0.9076090E+02 0.5104310E+01
   3  29.37 0.9078450E+02 0.5155370E+01
   3  31.26 0.9081680E+02 0.5205180E+01
   3  33.16 0.9085590E+02 0.5250990E+01
   3  35.05 0.9089470E+02 0.5292160E+01
   3  36.95 0.9092820E+02 0.5330780E+01
   3  38.84 0.9095600E+02 0.5367540E+01
   3  40.74 0.9097670E+02 0.5404790E+01
   3  42.63 0.9099370E+02 0.5442110E+01
   3  44.53 0.9100940E+02 0.5480460E+01
   3  46.42 0.9102900E+02 0.5516190E+01
   3  48.32 0.9105330E+02 0.5548530E+01
   3  50.21 0.9108130E+02 0.5576220E+01
   3  52.11 0.9111110E+02 0.5597850E+01
   3  54.00 0.9113970E+02 0.5609620E+01
   3  55.89 0.9116400E+02 0.5612070E+01
   3  57.79 0.9118500E+02 0.5603560E+01
   3  59.68 0.9120270E+02 0.5587770E+01
   3  61.58 0.9123140E+02 0.5572210E+01
   3  63.47 0.9126890E+02 0.5561120E+01
   3  65.37 0.9130000E+02 0.5545750E+01
   3  67.26 0.9131100E+02 0.5516670E+01
   3  69.16 0.9130360E+02 0.5473920E+01
   3  71.05 0.9129370E+02 0.5425620E+01
   3  72.95 0.9131380E+02 0.5394740E+01
   3  74.84 0.9138750E+02 0.5410710E+01
   3  76.74 0.9150820E+02 0.5477630E+01
   3  78.63 0.9159920E+02 0.5554860E+01
   3  80.53 0.9159790E+02 0.5603570E+01
   3  82.42 0.9155680E+02 0.5619800E+01
   3  84.32 0.9150410E+02 0.5614250E+01
   3  86.21 0.9144950E+02 0.5600470E+01
   3  88.11 0.9139120E+02 0.5582110E+01
   3  90.00 0.9136350E+02 0.5572850E+01
   4 -90.00 0.9472880E+02 0.5849150E+01
   4 -88.11 0.9465650E+02 0.5825670E+01
   4 -86.21 0.9439920E+02 0.5796910E+01
   4 -84.32 0.9399360E+02 0.5812290E+01
   4 -82.42 0.9362550E+02 0.5860190E+01
   4 -80.53 0.9342320E+02 0.5906490E+01
   4 -78.63 0.9331480E+02 0.5945220E+01
   4 -76.74 0.9322080E+02 0.5978030E+01
   4 -74.84 0.9311360E+02 0.5997590E+01
   4 -72.95 0.9297800E+02 0.6008560E+01
   4 -71.05 0.9282010E+02 0.6003570E+01
   4 -69.16 0.9265260E+02 0.5985900E+01
   4 -67.26 0.9248940E+02 0.5958110E+01
   4 -65.37 0.9233450E+02 0.5927120E+01
   4 -63.47 0.9219620E+02 0.5896290E+01
   4 -61.58 0.9207360E+02 0.5861380E+01
   4 -59.68 0.9196800E+02 0.5822520E+01
   4 -57.79 0.9187830E+02 0.5787580E+01
   4 -55.89 0.9181990E+02 0.5765790E+01
   4 -54.00 0.9179410E+02 0.5756680E+01
   4 -52.11 0.9178100E+02 0.5743800E+01
   4 -50.21 0.9176550E+02 0.5716890E+01
   4 -48.32 0.9173630E+02 0.5675120E+01
   4 -46.42 0.9169500E+02 0.5621220E+01
   4 -44.53 0.9164380E+02 0.5562690E+01
   4 -42.63 0.9158480E+02 0.5503470E+01
   4 -40.74 0.9151800E+02 0.5445620E+01
   4 -38.84 0.9144390E+02 0.5390340E+01
   4 -36.95 0.9136420E+02 0.5339610E+01
   4 -35.05 0.9128550E+02 0.5294660E+01
   4 -33.16 0.9121110E+02 0.5257030E+01
   4 -31.26 0.9114290E+02 0.5222610E+01
   4 -29.37 0.9107910E+02 0.5189000E+01
   4 -27.47 0.9102370E+02 0.5154810E+01
   4 -25.58 0.9097570E+02 0.5119130E+01
   4 -23.68 0.9093420E+02 0.5083270E+01
   4 -21.79 0.9089780E+02 0.5049860E+01
   4 -19.89 0.9086720E+02 0.5019970E+01
   4 -18.00 0.9084380E+02 0.4994630E+01
   4 -16.11 0.9082810E+02 0.4974760E+01
   4 -14.21 0.9081550E+02 0.4958360E+01
   4 -12.32 0.9080610E+02 0.4943510E+01
   4 -10.42 0.9079940E+02 0.4930030E+01
   4  -8.53 0.9079490E+02 0.4919090E+01
   4  -6.63 0.9080100E+02 0.4915080E+01
   4  -4.74 0.9080490E+02 0.4914260E+01
   4  -2.84 0.9080220E+02 0.4912350E+01
   4  -0.95 0.9078890E+02 0.4909600E+01
   4   0.95 0.9076460E+02 0.4909050E+01
   4   2.84 0.9070750E+02 0.4905990E+01
   4   4.74 0.9065880E+02 0.4901690E+01
   4   6.63 0.9061270E+02 0.4892470E+01
   4   8.53 0.9056660E+02 0.4878510E+01
   4  10.42 0.9051580E+02 0.4862220E+01
   4  12.32 0.9046440E+02 0.4848880E+01
   4  14.21 0.9042220E+02 0.4841100E+01
   4  16.11 0.9038760E+02 0.4839700E+01
   4  18.00 0.9036020E+02 0.4844210E+01
   4  19.89 0.9033710E+02 0.4853590E+01
   4  21.79 0.9032220E+02 0.4869230E+01
   4  23.68 0.9031390E+02 0.4890220E+01
   4  25.58 0.9031020E+02 0.4915610E+01
   4  27.47 0.9031350E+02 0.4945850E+01
   4  29.37 0.9032350E+02 0.4978130E+01
   4  31.26 0.9033660E+02 0.5009840E+01
   4  33.16 0.9034990E+02 0.5039920E+01
   4  35.05 0.9036280E+02 0.5069390E+01
   4  36.95 0.9037170E+02 0.5094930E+01
   4  38.84 0.9037780E+02 0.5113140E+01
   4  40.74 0.9038440E+02 0.5126440E+01
   4  42.63 0.9039190E+02 0.5137360E+01
   4  44.53 0.9039760E+02 0.5145730E+01
   4  46.42 0.9040090E+02 0.5149570E+01
   4  48.32 0.9040600E+02 0.5152140E+01
   4  50.21 0.9041390E+02 0.5149970E+01
   4  52.11 0.9042340E+02 0.5140450E+01
   4  54.00 0.9043050E+02 0.5118850E+01
   4  55.89 0.9042940E+02 0.5085790E+01
   4  57.79 0.9041760E+02 0.5040840E+01
   4  59.68 0.9040140E+02 0.4989410E+01
   4  61.58 0.9038360E+02 0.4938220E+01
   4  63.47 0.9036300E+02 0.4890900E+01
   4  65.37 0.9032940E+02 0.4838180E+01
   4  67.26 0.9026790E+02 0.4771140E+01
   4  69.16 0.9016810E+02 0.4690060E+01
   4  71.05 0.9007350E+02 0.4617850E+01
   4  72.95 0.9002270E+02 0.4576910E+01
   4  74.84 0.9002910E+02 0.4588420E+01
   4  76.74 0.9009010E+02 0.4652940E+01
   4  78.63 0.9017920E+02 0.4735350E+01
   4  80.53 0.9027440E+02 0.4791480E+01
   4  82.42 0.9033420E+02 0.4816120E+01
   4  84.32 0.9037270E+02 0.4824580E+01
   4  86.21 0.9040170E+02 0.4826700E+01
   4  88.11 0.9041860E+02 0.4824570E+01
   4  90.00 0.9042110E+02 0.4820200E+01
   5 -90.00 0.9830150E+02 0.4487310E+01
   5 -88.11 0.9822630E+02 0.4475420E+01
   5 -86.21 0.9806490E+02 0.4444530E+01
   5 -84.32 0.9790400E+02 0.4441780E+01
   5 -82.42 0.9772640E+02 0.4517710E+01
   5 -80.53 0.9713720E+02 0.4988440E+01
   5 -78.63 0.9633600E+02 0.5510310E+01
   5 -76.74 0.9554630E+02 0.5871070E+01
   5 -74.84 0.9480770E+02 0.6095350E+01
   5 -72.95 0.9436680E+02 0.6167800E+01
   5 -71.05 0.9403600E+02 0.6180000E+01
   5 -69.16 0.9375010E+02 0.6165690E+01
   5 -67.26 0.9349260E+02 0.6134650E+01
   5 -65.37 0.9326230E+02 0.6094590E+01
   5 -63.47 0.9305830E+02 0.6048860E+01
   5 -61.58 0.9287760E+02 0.5997510E+01
   5 -59.68 0.9271340E+02 0.5944390E+01
   5 -57.79 0.9257430E+02 0.5895780E+01
   5 -55.89 0.9247450E+02 0.5865360E+01
   5 -54.00 0.9241070E+02 0.5850980E+01
   5 -52.11 0.9235910E+02 0.5836570E+01
   5 -50.21 0.9230330E+02 0.5808300E+01
   5 -48.32 0.9223510E+02 0.5764250E+01
   5 -46.42 0.9216380E+02 0.5706830E+01
   5 -44.53 0.9208530E+02 0.5642750E+01
   5 -42.63 0.9200560E+02 0.5578360E+01
   5 -40.74 0.9191800E+02 0.5514780E+01
   5 -38.84 0.9183150E+02 0.5454520E+01
   5 -36.95 0.9173670E+02 0.5398280E+01
   5 -35.05 0.9164100E+02 0.5348730E+01
   5 -33.16 0.9154800E+02 0.5305110E+01
   5 -31.26 0.9145620E+02 0.5265210E+01
   5 -29.37 0.9137510E+02 0.5228260E+01
   5 -27.47 0.9129660E+02 0.5190940E+01
   5 -25.58 0.9122250E+02 0.5150690E+01
   5 -23.68 0.9115950E+02 0.5108930E+01
   5 -21.79 0.9110320E+02 0.5065800E+01
   5 -19.89 0.9104950E+02 0.5024110E+01
   5 -18.00 0.9100240E+02 0.4989960E+01
   5 -16.11 0.9095880E+02 0.4963010E+01
   5 -14.21 0.9091320E+02 0.4939140E+01
   5 -12.32 0.9086750E+02 0.4916380E+01
   5 -10.42 0.9083770E+02 0.4900450E+01
   5  -8.53 0.9080860E+02 0.4890720E+01
   5  -6.63 0.9075560E+02 0.4882360E+01
   5  -4.74 0.9072350E+02 0.4879830E+01
   5  -2.84 0.9069300E+02 0.4879380E+01
   5  -0.95 0.9065710E+02 0.4878770E+01
   5   0.95 0.9058300E+02 0.4872640E+01
   5   2.84 0.9054370E+02 0.4872700E+01
   5   4.74 0.9050440E+02 0.4870980E+01
   5   6.63 0.9045490E+02 0.4859960E+01
   5   8.53 0.9039720E+02 0.4841390E+01
   5  10.42 0.9034730E+02 0.4819830E+01
   5  12.32 0.9030160E+02 0.4795180E+01
   5  14.21 0.9025660E+02 0.4770430E+01
   5  16.11 0.9022000E+02 0.4749560E+01
   5  18.00 0.9018610E+02 0.4729610E+01
   5  19.89 0.9016350E+02 0.4714290E+01
   5  21.79 0.9014580E+02 0.4702550E+01
   5  23.68 0.9012720E+02 0.4693260E+01
   5  25.58 0.9011680E+02 0.4690660E+01
   5  27.47 0.9010700E+02 0.4690750E+01
   5  29.37 0.9009730E+02 0.4695880E+01
   5  31.26 0.9008120E+02 0.4703880E+01
   5  33.16 0.9006150E+02 0.4715380E+01
   5  35.05 0.9003100E+02 0.4726100E+01
   5  36.95 0.8999610E+02 0.4738870E+01
   5  38.84 0.8994930E+02 0.4746580E+01
   5  40.74 0.8989780E+02 0.4751830E+01
   5  42.63 0.8984590E+02 0.4754010E+01
   5  44.53 0.8979480E+02 0.4750820E+01
   5  46.42 0.8974590E+02 0.4743950E+01
   5  48.32 0.8970370E+02 0.4732070E+01
   5  50.21 0.8966420E+02 0.4713240E+01
   5  52.11 0.8962380E+02 0.4684810E+01
   5  54.00 0.8958010E+02 0.4641920E+01
   5  55.89 0.8953210E+02 0.4582370E+01
   5  57.79 0.8947710E+02 0.4507030E+01
   5  59.68 0.8941430E+02 0.4420370E+01
   5  61.58 0.8933750E+02 0.4327550E+01
   5  63.47 0.8925720E+02 0.4246320E+01
   5  65.37 0.8919170E+02 0.4175510E+01
   5  67.26 0.8913740E+02 0.4103960E+01
   5  69.16 0.8911610E+02 0.4032320E+01
   5  71.05 0.8911950E+02 0.3966940E+01
   5  72.95 0.8915660E+02 0.3928150E+01
   5  74.84 0.8923320E+02 0.3927940E+01
   5  76.74 0.8934510E+02 0.3962490E+01
   5  78.63 0.8945740E+02 0.3999820E+01
   5  80.53 0.8954700E+02 0.4010520E+01
   5  82.42 0.8960810E+02 0.3994520E+01
   5  84.32 0.8965190E+02 0.3970050E+01
   5  86.21 0.8968380E+02 0.3949060E+01
   5  88.11 0.8970040E+02 0.3931870E+01
   5  90.00 0.8970350E+02 0.3922510E+01
   6 -90.00 0.9852100E+02 0.4491150E+01
   6 -88.11 0.9844830E+02 0.4475360E+01
   6 -86.21 0.9829820E+02 0.4432940E+01
   6 -84.32 0.9817730E+02 0.4412940E+01
   6 -82.42 0.9811590E+02 0.4439210E+01
   6 -80.53 0.9809000E+02 0.4494680E+01
   6 -78.63 0.9805870E+02 0.4566000E+01
   6 -76.74 0.9795090E+02 0.4660490E+01
   6 -74.84 0.9759220E+02 0.4886780E+01
   6 -72.95 0.9589170E+02 0.5879790E+01
   6 -71.05 0.9507340E+02 0.6129640E+01
   6 -69.16 0.9456880E+02 0.6192280E+01
   6 -67.26 0.9423150E+02 0.6183280E+01
   6 -65.37 0.9392910E+02 0.6158040E+01
   6 -63.47 0.9365500E+02 0.6120840E+01
   6 -61.58 0.9344720E+02 0.6066290E+01
   6 -59.68 0.9325080E+02 0.6006290E+01
   6 -57.79 0.9307440E+02 0.5953080E+01
   6 -55.89 0.9293840E+02 0.5922770E+01
   6 -54.00 0.9284030E+02 0.5913670E+01
   6 -52.11 0.9275010E+02 0.5907000E+01
   6 -50.21 0.9267790E+02 0.5883770E+01
   6 -48.32 0.9256300E+02 0.5846550E+01
   6 -46.42 0.9245850E+02 0.5793670E+01
   6 -44.53 0.9234790E+02 0.5734380E+01
   6 -42.63 0.9223680E+02 0.5672260E+01
   6 -40.74 0.9213570E+02 0.5609100E+01
   6 -38.84 0.9203080E+02 0.5548490E+01
   6 -36.95 0.9191770E+02 0.5490090E+01
   6 -35.05 0.9182650E+02 0.5434540E+01
   6 -33.16 0.9171200E+02 0.5382630E+01
   6 -31.26 0.9164110E+02 0.5333980E+01
   6 -29.37 0.9155790E+02 0.5288340E+01
   6 -27.47 0.9147490E+02 0.5242110E+01
   6 -25.58 0.9142780E+02 0.5197390E+01
   6 -23.68 0.9136440E+02 0.5149990E+01
   6 -21.79 0.9131580E+02 0.5102050E+01
   6 -19.89 0.9128970E+02 0.5058690E+01
   6 -18.00 0.9124370E+02 0.5017720E+01
   6 -16.11 0.9120500E+02 0.4981850E+01
   6 -14.21 0.9118360E+02 0.4955030E+01
   6 -12.32 0.9115000E+02 0.4933270E+01
   6 -10.42 0.9110020E+02 0.4912980E+01
   6  -8.53 0.9107500E+02 0.4902850E+01
   6  -6.63 0.9104400E+02 0.4896600E+01
   6  -4.74 0.9096870E+02 0.4886070E+01
   6  -2.84 0.9092620E+02 0.4881970E+01
   6  -0.95 0.9087570E+02 0.4877060E+01
   6   0.95 0.9078420E+02 0.4866450E+01
   6   2.84 0.9073130E+02 0.4861210E+01
   6   4.74 0.9067650E+02 0.4853380E+01
   6   6.63 0.9058770E+02 0.4833880E+01
   6   8.53 0.9053530E+02 0.4818020E+01
   6  10.42 0.9048120E+02 0.4796690E+01
   6  12.32 0.9039850E+02 0.4763010E+01
   6  14.21 0.9035140E+02 0.4738560E+01
   6  16.11 0.9029120E+02 0.4707750E+01
   6  18.00 0.9025300E+02 0.4685210E+01
   6  19.89 0.9022960E+02 0.4665860E+01
   6  21.79 0.9018520E+02 0.4638370E+01
   6  23.68 0.9017390E+02 0.4624550E+01
   6  25.58 0.9014580E+02 0.4606160E+01
   6  27.47 0.9014390E+02 0.4597700E+01
   6  29.37 0.9012020E+02 0.4579620E+01
   6  31.26 0.9011130E+02 0.4569130E+01
   6  33.16 0.9007300E+02 0.4550030E+01
   6  35.05 0.9003530E+02 0.4535170E+01
   6  36.95 0.8998930E+02 0.4522690E+01
   6  38.84 0.8992250E+02 0.4507070E+01
   6  40.74 0.8985400E+02 0.4495690E+01
   6  42.63 0.8978570E+02 0.4484900E+01
   6  44.53 0.8972020E+02 0.4470650E+01
   6  46.42 0.8966050E+02 0.4448330E+01
   6  48.32 0.8961560E+02 0.4422480E+01
   6  50.21 0.8958060E+02 0.4390060E+01
   6  52.11 0.8954310E+02 0.4342600E+01
   6  54.00 0.8950900E+02 0.4282700E+01
   6  55.89 0.8946670E+02 0.4200950E+01
   6  57.79 0.8940880E+02 0.4096880E+01
   6  59.68 0.8930570E+02 0.3969920E+01
   6  61.58 0.8926630E+02 0.3894560E+01
   6  63.47 0.8928840E+02 0.3835520E+01
   6  65.37 0.8930790E+02 0.3772880E+01
   6  67.26 0.8931690E+02 0.3690900E+01
   6  69.16 0.8931440E+02 0.3595170E+01
   6  71.05 0.8932040E+02 0.3508200E+01
   6  72.95 0.8936490E+02 0.3454400E+01
   6  74.84 0.8945990E+02 0.3456440E+01
   6  76.74 0.8959640E+02 0.3508060E+01
   6  78.63 0.8972770E+02 0.3558070E+01
   6  80.53 0.8982580E+02 0.3565370E+01
   6  82.42 0.8988800E+02 0.3539900E+01
   6  84.32 0.8993160E+02 0.3505590E+01
   6  86.21 0.8995890E+02 0.3475150E+01
   6  88.11 0.8997440E+02 0.3450270E+01
   6  90.00 0.8997590E+02 0.3438620E+01
   7 -90.00 0.9836760E+02 0.4411390E+01
   7 -88.11 0.9830860E+02 0.4394300E+01
   7 -86.21 0.9818170E+02 0.4352430E+01
   7 -84.32 0.9807450E+02 0.4336240E+01
   7 -82.42 0.9800580E+02 0.4366170E+01
   7 -80.53 0.9794270E+02 0.4430950E+01
   7 -78.63 0.9779540E+02 0.4564370E+01
   7 -76.74 0.9702510E+02 0.5181140E+01
   7 -74.84 0.9599570E+02 0.5731040E+01
   7 -72.95 0.9495200E+02 0.6096080E+01
   7 -71.05 0.9441990E+02 0.6184390E+01
   7 -69.16 0.9403450E+02 0.6202950E+01
   7 -67.26 0.9371110E+02 0.6192070E+01
   7 -65.37 0.9343480E+02 0.6164260E+01
   7 -63.47 0.9319490E+02 0.6123540E+01
   7 -61.58 0.9298510E+02 0.6074550E+01
   7 -59.68 0.9279430E+02 0.6020970E+01
   7 -57.79 0.9262980E+02 0.5971220E+01
   7 -55.89 0.9250900E+02 0.5941370E+01
   7 -54.00 0.9242490E+02 0.5933480E+01
   7 -52.11 0.9235250E+02 0.5927710E+01
   7 -50.21 0.9227190E+02 0.5911750E+01
   7 -48.32 0.9218350E+02 0.5880770E+01
   7 -46.42 0.9208250E+02 0.5835290E+01
   7 -44.53 0.9199730E+02 0.5779700E+01
   7 -42.63 0.9190440E+02 0.5719490E+01
   7 -40.74 0.9181860E+02 0.5656580E+01
   7 -38.84 0.9172320E+02 0.5593340E+01
   7 -36.95 0.9164660E+02 0.5530090E+01
   7 -35.05 0.9156570E+02 0.5467160E+01
   7 -33.16 0.9149440E+02 0.5406100E+01
   7 -31.26 0.9143720E+02 0.5348020E+01
   7 -29.37 0.9137630E+02 0.5290700E+01
   7 -27.47 0.9133400E+02 0.5235320E+01
   7 -25.58 0.9129710E+02 0.5180880E+01
   7 -23.68 0.9125930E+02 0.5127140E+01
   7 -21.79 0.9124440E+02 0.5076870E+01
   7 -19.89 0.9122850E+02 0.5027660E+01
   7 -18.00 0.9120700E+02 0.4979800E+01
   7 -16.11 0.9121190E+02 0.4941860E+01
   7 -14.21 0.9121010E+02 0.4909460E+01
   7 -12.32 0.9118860E+02 0.4880610E+01
   7 -10.42 0.9118700E+02 0.4861500E+01
   7  -8.53 0.9118440E+02 0.4850100E+01
   7  -6.63 0.9115990E+02 0.4843690E+01
   7  -4.74 0.9112050E+02 0.4839720E+01
   7  -2.84 0.9109620E+02 0.4841890E+01
   7  -0.95 0.9106150E+02 0.4842920E+01
   7   0.95 0.9098220E+02 0.4837890E+01
   7   2.84 0.9093860E+02 0.4838590E+01
   7   4.74 0.9088920E+02 0.4836300E+01
   7   6.63 0.9080960E+02 0.4824600E+01
   7   8.53 0.9074570E+02 0.4813630E+01
   7  10.42 0.9068980E+02 0.4801380E+01
   7  12.32 0.9061670E+02 0.4781590E+01
   7  14.21 0.9055540E+02 0.4764170E+01
   7  16.11 0.9050590E+02 0.4749130E+01
   7  18.00 0.9045490E+02 0.4731560E+01
   7  19.89 0.9041910E+02 0.4717360E+01
   7  21.79 0.9038520E+02 0.4701560E+01
   7  23.68 0.9036220E+02 0.4689820E+01
   7  25.58 0.9034110E+02 0.4680060E+01
   7  27.47 0.9033300E+02 0.4674880E+01
   7  29.37 0.9032350E+02 0.4665220E+01
   7  31.26 0.9031200E+02 0.4647950E+01
   7  33.16 0.9029170E+02 0.4627030E+01
   7  35.05 0.9027100E+02 0.4605570E+01
   7  36.95 0.9023840E+02 0.4576730E+01
   7  38.84 0.9020100E+02 0.4548850E+01
   7  40.74 0.9016830E+02 0.4524890E+01
   7  42.63 0.9014170E+02 0.4502740E+01
   7  44.53 0.9012210E+02 0.4478920E+01
   7  46.42 0.9011560E+02 0.4452460E+01
   7  48.32 0.9011870E+02 0.4423870E+01
   7  50.21 0.9012790E+02 0.4390570E+01
   7  52.11 0.9014440E+02 0.4349990E+01
   7  54.00 0.9015950E+02 0.4294930E+01
   7  55.89 0.9016880E+02 0.4222360E+01
   7  57.79 0.9016280E+02 0.4130640E+01
   7  59.68 0.9013510E+02 0.4023470E+01
   7  61.58 0.9010020E+02 0.3919540E+01
   7  63.47 0.9010620E+02 0.3845220E+01
   7  65.37 0.9013560E+02 0.3783590E+01
   7  67.26 0.9015800E+02 0.3706800E+01
   7  69.16 0.9016300E+02 0.3612400E+01
   7  71.05 0.9017650E+02 0.3525860E+01
   7  72.95 0.9023210E+02 0.3475800E+01
   7  74.84 0.9034850E+02 0.3491170E+01
   7  76.74 0.9051300E+02 0.3565140E+01
   7  78.63 0.9066170E+02 0.3631850E+01
   7  80.53 0.9075610E+02 0.3641880E+01
   7  82.42 0.9080290E+02 0.3612280E+01
   7  84.32 0.9082920E+02 0.3572470E+01
   7  86.21 0.9084720E+02 0.3540390E+01
   7  88.11 0.9085610E+02 0.3515630E+01
   7  90.00 0.9085460E+02 0.3505320E+01
   8 -90.00 0.9723740E+02 0.4495680E+01
   8 -88.11 0.9705120E+02 0.4580190E+01
   8 -86.21 0.9615230E+02 0.5142940E+01
   8 -84.32 0.9530710E+02 0.5540380E+01
   8 -82.42 0.9463070E+02 0.5801380E+01
   8 -80.53 0.9411030E+02 0.5958610E+01
   8 -78.63 0.9366970E+02 0.6058620E+01
   8 -76.74 0.9340600E+02 0.6104940E+01
   8 -74.84 0.9320920E+02 0.6117930E+01
   8 -72.95 0.9302430E+02 0.6111370E+01
   8 -71.05 0.9283940E+02 0.6088210E+01
   8 -69.16 0.9265390E+02 0.6053800E+01
   8 -67.26 0.9246850E+02 0.6012960E+01
   8 -65.37 0.9228680E+02 0.5969210E+01
   8 -63.47 0.9211290E+02 0.5923810E+01
   8 -61.58 0.9195230E+02 0.5875210E+01
   8 -59.68 0.9180640E+02 0.5825270E+01
   8 -57.79 0.9168210E+02 0.5781350E+01
   8 -55.89 0.9159110E+02 0.5757330E+01
   8 -54.00 0.9153440E+02 0.5751290E+01
   8 -52.11 0.9148670E+02 0.5745160E+01
   8 -50.21 0.9143920E+02 0.5727660E+01
   8 -48.32 0.9138760E+02 0.5694580E+01
   8 -46.42 0.9133870E+02 0.5649320E+01
   8 -44.53 0.9129170E+02 0.5595700E+01
   8 -42.63 0.9124840E+02 0.5536840E+01
   8 -40.74 0.9121320E+02 0.5477420E+01
   8 -38.84 0.9117670E+02 0.5418920E+01
   8 -36.95 0.9113920E+02 0.5361780E+01
   8 -35.05 0.9110670E+02 0.5307540E+01
   8 -33.16 0.9107570E+02 0.5257480E+01
   8 -31.26 0.9104560E+02 0.5210410E+01
   8 -29.37 0.9102040E+02 0.5166440E+01
   8 -27.47 0.9100240E+02 0.5125270E+01
   8 -25.58 0.9098830E+02 0.5085290E+01
   8 -23.68 0.9097710E+02 0.5046030E+01
   8 -21.79 0.9097120E+02 0.5006420E+01
   8 -19.89 0.9096940E+02 0.4966400E+01
   8 -18.00 0.9096930E+02 0.4927210E+01
   8 -16.11 0.9097110E+02 0.4892190E+01
   8 -14.21 0.9097640E+02 0.4863100E+01
   8 -12.32 0.9098420E+02 0.4840280E+01
   8 -10.42 0.9098970E+02 0.4824050E+01
   8  -8.53 0.9098950E+02 0.4815110E+01
   8  -6.63 0.9098620E+02 0.4812060E+01
   8  -4.74 0.9099280E+02 0.4816430E+01
   8  -2.84 0.9099450E+02 0.4823280E+01
   8  -0.95 0.9098900E+02 0.4830890E+01
   8   0.95 0.9096100E+02 0.4835550E+01
   8   2.84 0.9091860E+02 0.4838790E+01
   8   4.74 0.9089710E+02 0.4843320E+01
   8   6.63 0.9087270E+02 0.4845650E+01
   8   8.53 0.9083780E+02 0.4842600E+01
   8  10.42 0.9079470E+02 0.4835480E+01
   8  12.32 0.9075070E+02 0.4827470E+01
   8  14.21 0.9070710E+02 0.4819440E+01
   8  16.11 0.9066050E+02 0.4811200E+01
   8  18.00 0.9062350E+02 0.4806440E+01
   8  19.89 0.9059350E+02 0.4805230E+01
   8  21.79 0.9056470E+02 0.4803400E+01
   8  23.68 0.9054180E+02 0.4803820E+01
   8  25.58 0.9052720E+02 0.4808460E+01
   8  27.47 0.9051810E+02 0.4811930E+01
   8  29.37 0.9051640E+02 0.4813810E+01
   8  31.26 0.9050720E+02 0.4805680E+01
   8  33.16 0.9049030E+02 0.4794920E+01
   8  35.05 0.9046620E+02 0.4783080E+01
   8  36.95 0.9043490E+02 0.4768160E+01
   8  38.84 0.9039880E+02 0.4752190E+01
   8  40.74 0.9036220E+02 0.4739300E+01
   8  42.63 0.9032640E+02 0.4729900E+01
   8  44.53 0.9029190E+02 0.4722370E+01
   8  46.42 0.9025650E+02 0.4715420E+01
   8  48.32 0.9022660E+02 0.4708890E+01
   8  50.21 0.9019870E+02 0.4697960E+01
   8  52.11 0.9016920E+02 0.4679220E+01
   8  54.00 0.9013660E+02 0.4649110E+01
   8  55.89 0.9010070E+02 0.4605880E+01
   8  57.79 0.9005690E+02 0.4550120E+01
   8  59.68 0.9000630E+02 0.4483700E+01
   8  61.58 0.8995610E+02 0.4414090E+01
   8  63.47 0.8990400E+02 0.4343180E+01
   8  65.37 0.8983270E+02 0.4258720E+01
   8  67.26 0.8972890E+02 0.4157070E+01
   8  69.16 0.8960540E+02 0.4048950E+01
   8  71.05 0.8948690E+02 0.3955340E+01
   8  72.95 0.8941850E+02 0.3906050E+01
   8  74.84 0.8945660E+02 0.3921460E+01
   8  76.74 0.8958370E+02 0.3989090E+01
   8  78.63 0.8971730E+02 0.4063390E+01
   8  80.53 0.8982110E+02 0.4098580E+01
   8  82.42 0.8988520E+02 0.4096270E+01
   8  84.32 0.8993000E+02 0.4078720E+01
   8  86.21 0.8996060E+02 0.4059920E+01
   8  88.11 0.8998030E+02 0.4044120E+01
   8  90.00 0.8998630E+02 0.4036940E+01
   9 -90.00 0.9081170E+02 0.5422950E+01
   9 -88.11 0.9078930E+02 0.5416410E+01
   9 -86.21 0.9083210E+02 0.5402750E+01
   9 -84.32 0.9093790E+02 0.5410090E+01
   9 -82.42 0.9110460E+02 0.5447080E+01
   9 -80.53 0.9129020E+02 0.5499060E+01
   9 -78.63 0.9143500E+02 0.5547390E+01
   9 -76.74 0.9151050E+02 0.5579900E+01
   9 -74.84 0.9153500E+02 0.5592790E+01
   9 -72.95 0.9151310E+02 0.5589730E+01
   9 -71.05 0.9145550E+02 0.5573010E+01
   9 -69.16 0.9137150E+02 0.5549740E+01
   9 -67.26 0.9127310E+02 0.5521790E+01
   9 -65.37 0.9116830E+02 0.5495240E+01
   9 -63.47 0.9106600E+02 0.5472090E+01
   9 -61.58 0.9096770E+02 0.5450540E+01
   9 -59.68 0.9087470E+02 0.5427650E+01
   9 -57.79 0.9079590E+02 0.5406680E+01
   9 -55.89 0.9074230E+02 0.5397180E+01
   9 -54.00 0.9071670E+02 0.5399470E+01
   9 -52.11 0.9070780E+02 0.5399830E+01
   9 -50.21 0.9069910E+02 0.5391240E+01
   9 -48.32 0.9069170E+02 0.5370520E+01
   9 -46.42 0.9068830E+02 0.5338940E+01
   9 -44.53 0.9068550E+02 0.5301040E+01
   9 -42.63 0.9068240E+02 0.5260260E+01
   9 -40.74 0.9067730E+02 0.5220680E+01
   9 -38.84 0.9067000E+02 0.5184890E+01
   9 -36.95 0.9065990E+02 0.5154890E+01
   9 -35.05 0.9064910E+02 0.5129220E+01
   9 -33.16 0.9064120E+02 0.5106700E+01
   9 -31.26 0.9063630E+02 0.5086400E+01
   9 -29.37 0.9063450E+02 0.5067660E+01
   9 -27.47 0.9063690E+02 0.5049880E+01
   9 -25.58 0.9064350E+02 0.5030870E+01
   9 -23.68 0.9065630E+02 0.5006750E+01
   9 -21.79 0.9067110E+02 0.4978970E+01
   9 -19.89 0.9068580E+02 0.4949240E+01
   9 -18.00 0.9070120E+02 0.4920200E+01
   9 -16.11 0.9071810E+02 0.4895710E+01
   9 -14.21 0.9073710E+02 0.4876780E+01
   9 -12.32 0.9075920E+02 0.4862710E+01
   9 -10.42 0.9078240E+02 0.4852760E+01
   9  -8.53 0.9080740E+02 0.4848950E+01
   9  -6.63 0.9083050E+02 0.4850580E+01
   9  -4.74 0.9085020E+02 0.4856790E+01
   9  -2.84 0.9086460E+02 0.4864680E+01
   9  -0.95 0.9087200E+02 0.4872640E+01
   9   0.95 0.9087290E+02 0.4882840E+01
   9   2.84 0.9086610E+02 0.4896050E+01
   9   4.74 0.9084710E+02 0.4910980E+01
   9   6.63 0.9083130E+02 0.4927520E+01
   9   8.53 0.9081640E+02 0.4940080E+01
   9  10.42 0.9079940E+02 0.4947820E+01
   9  12.32 0.9078060E+02 0.4953230E+01
   9  14.21 0.9076300E+02 0.4959400E+01
   9  16.11 0.9074870E+02 0.4969180E+01
   9  18.00 0.9073690E+02 0.4982420E+01
   9  19.89 0.9072980E+02 0.4996960E+01
   9  21.79 0.9072820E+02 0.5013790E+01
   9  23.68 0.9073590E+02 0.5035130E+01
   9  25.58 0.9075530E+02 0.5063740E+01
   9  27.47 0.9078570E+02 0.5095310E+01
   9  29.37 0.9081900E+02 0.5124550E+01
   9  31.26 0.9085230E+02 0.5151810E+01
   9  33.16 0.9088240E+02 0.5177960E+01
   9  35.05 0.9090750E+02 0.5203230E+01
   9  36.95 0.9092690E+02 0.5227600E+01
   9  38.84 0.9094470E+02 0.5250010E+01
   9  40.74 0.9096640E+02 0.5273960E+01
   9  42.63 0.9098990E+02 0.5297910E+01
   9  44.53 0.9101350E+02 0.5318960E+01
   9  46.42 0.9104060E+02 0.5337640E+01
   9  48.32 0.9106920E+02 0.5355930E+01
   9  50.21 0.9109770E+02 0.5372560E+01
   9  52.11 0.9112360E+02 0.5382960E+01
   9  54.00 0.9114490E+02 0.5382850E+01
   9  55.89 0.9115620E+02 0.5368710E+01
   9  57.79 0.9116110E+02 0.5343160E+01
   9  59.68 0.9116530E+02 0.5310680E+01
   9  61.58 0.9117220E+02 0.5278570E+01
   9  63.47 0.9118110E+02 0.5247870E+01
   9  65.37 0.9118400E+02 0.5210500E+01
   9  67.26 0.9116180E+02 0.5154170E+01
   9  69.16 0.9111650E+02 0.5079300E+01
   9  71.05 0.9107460E+02 0.5004870E+01
   9  72.95 0.9106500E+02 0.4954870E+01
   9  74.84 0.9110180E+02 0.4955340E+01
   9  76.74 0.9120120E+02 0.5025270E+01
   9  78.63 0.9132250E+02 0.5121630E+01
   9  80.53 0.9141150E+02 0.5190890E+01
   9  82.42 0.9145270E+02 0.5222720E+01
   9  84.32 0.9146780E+02 0.5239730E+01
   9  86.21 0.9149830E+02 0.5252880E+01
   9  88.11 0.9153940E+02 0.5258470E+01
   9  90.00 0.9155560E+02 0.5256060E+01
  10 -90.00 0.8995560E+02 0.4624800E+01
  10 -88.11 0.8992880E+02 0.4612350E+01
  10 -86.21 0.8987820E+02 0.4580720E+01
  10 -84.32 0.8983890E+02 0.4570970E+01
  10 -82.42 0.8981780E+02 0.4588330E+01
  10 -80.53 0.8980240E+02 0.4622500E+01
  10 -78.63 0.8980250E+02 0.4661240E+01
  10 -76.74 0.8981470E+02 0.4700480E+01
  10 -74.84 0.8982210E+02 0.4732840E+01
  10 -72.95 0.8982790E+02 0.4762900E+01
  10 -71.05 0.8982770E+02 0.4789680E+01
  10 -69.16 0.8983160E+02 0.4816380E+01
  10 -67.26 0.8982450E+02 0.4841290E+01
  10 -65.37 0.8979900E+02 0.4865200E+01
  10 -63.47 0.8977150E+02 0.4891860E+01
  10 -61.58 0.8974670E+02 0.4917150E+01
  10 -59.68 0.8973240E+02 0.4939210E+01
  10 -57.79 0.8973230E+02 0.4958790E+01
  10 -55.89 0.8975440E+02 0.4980940E+01
  10 -54.00 0.8979790E+02 0.5007390E+01
  10 -52.11 0.8985300E+02 0.5029430E+01
  10 -50.21 0.8991110E+02 0.5037810E+01
  10 -48.32 0.8996500E+02 0.5031800E+01
  10 -46.42 0.9001560E+02 0.5017060E+01
  10 -44.53 0.9006390E+02 0.5000280E+01
  10 -42.63 0.9010420E+02 0.4983030E+01
  10 -40.74 0.9013950E+02 0.4969330E+01
  10 -38.84 0.9016710E+02 0.4960320E+01
  10 -36.95 0.9019350E+02 0.4955100E+01
  10 -35.05 0.9021760E+02 0.4951620E+01
  10 -33.16 0.9023770E+02 0.4948000E+01
  10 -31.26 0.9025670E+02 0.4942040E+01
  10 -29.37 0.9027440E+02 0.4936440E+01
  10 -27.47 0.9029540E+02 0.4930630E+01
  10 -25.58 0.9032030E+02 0.4924860E+01
  10 -23.68 0.9034380E+02 0.4918160E+01
  10 -21.79 0.9036910E+02 0.4912680E+01
  10 -19.89 0.9039740E+02 0.4908100E+01
  10 -18.00 0.9042750E+02 0.4904920E+01
  10 -16.11 0.9045800E+02 0.4903770E+01
  10 -14.21 0.9049240E+02 0.4902970E+01
  10 -12.32 0.9053140E+02 0.4901940E+01
  10 -10.42 0.9057530E+02 0.4902060E+01
  10  -8.53 0.9061650E+02 0.4903960E+01
  10  -6.63 0.9065860E+02 0.4906980E+01
  10  -4.74 0.9069960E+02 0.4908750E+01
  10  -2.84 0.9073880E+02 0.4908620E+01
  10  -0.95 0.9078380E+02 0.4910900E+01
  10   0.95 0.9080140E+02 0.4914340E+01
  10   2.84 0.9081350E+02 0.4923660E+01
  10   4.74 0.9082250E+02 0.4937740E+01
  10   6.63 0.9083050E+02 0.4955070E+01
  10   8.53 0.9083560E+02 0.4968990E+01
  10  10.42 0.9084330E+02 0.4977420E+01
  10  12.32 0.9084960E+02 0.4982610E+01
  10  14.21 0.9085880E+02 0.4988180E+01
  10  16.11 0.9087390E+02 0.4997230E+01
  10  18.00 0.9089640E+02 0.5010030E+01
  10  19.89 0.9092570E+02 0.5026870E+01
  10  21.79 0.9096740E+02 0.5050490E+01
  10  23.68 0.9101840E+02 0.5081660E+01
  10  25.58 0.9107850E+02 0.5119740E+01
  10  27.47 0.9114820E+02 0.5161150E+01
  10  29.37 0.9122620E+02 0.5205170E+01
  10  31.26 0.9131120E+02 0.5253470E+01
  10  33.16 0.9139780E+02 0.5305450E+01
  10  35.05 0.9148170E+02 0.5359270E+01
  10  36.95 0.9156270E+02 0.5413240E+01
  10  38.84 0.9164060E+02 0.5460480E+01
  10  40.74 0.9172010E+02 0.5502720E+01
  10  42.63 0.9180000E+02 0.5545170E+01
  10  44.53 0.9187610E+02 0.5589450E+01
  10  46.42 0.9195000E+02 0.5634750E+01
  10  48.32 0.9202310E+02 0.5683810E+01
  10  50.21 0.9209400E+02 0.5733820E+01
  10  52.11 0.9215670E+02 0.5778090E+01
  10  54.00 0.9220990E+02 0.5811010E+01
  10  55.89 0.9225060E+02 0.5828060E+01
  10  57.79 0.9227490E+02 0.5830550E+01
  10  59.68 0.9229770E+02 0.5822510E+01
  10  61.58 0.9232990E+02 0.5810980E+01
  10  63.47 0.9237440E+02 0.5799790E+01
  10  65.37 0.9242700E+02 0.5783150E+01
  10  67.26 0.9246460E+02 0.5751430E+01
  10  69.16 0.9248060E+02 0.5702400E+01
  10  71.05 0.9250580E+02 0.5649360E+01
  10  72.95 0.9258890E+02 0.5618840E+01
  10  74.84 0.9276800E+02 0.5640010E+01
  10  76.74 0.9303810E+02 0.5723410E+01
  10  78.63 0.9333010E+02 0.5828360E+01
  10  80.53 0.9358240E+02 0.5902730E+01
  10  82.42 0.9380240E+02 0.5936610E+01
  10  84.32 0.9406340E+02 0.5942240E+01
  10  86.21 0.9419690E+02 0.5954960E+01
  10  88.11 0.9423380E+02 0.5960360E+01
  10  90.00 0.9425400E+02 0.5949830E+01
  11 -90.00 0.8964970E+02 0.3810250E+01
  11 -88.11 0.8962520E+02 0.3800240E+01
  11 -86.21 0.8956340E+02 0.3777090E+01
  11 -84.32 0.8949500E+02 0.3770640E+01
  11 -82.42 0.8942970E+02 0.3796400E+01
  11 -80.53 0.8936550E+02 0.3844060E+01
  11 -78.63 0.8929040E+02 0.3903060E+01
  11 -76.74 0.8920280E+02 0.3962380E+01
  11 -74.84 0.8909920E+02 0.4016450E+01
  11 -72.95 0.8898670E+02 0.4067420E+01
  11 -71.05 0.8886590E+02 0.4114740E+01
  11 -69.16 0.8874340E+02 0.4160270E+01
  11 -67.26 0.8864950E+02 0.4201350E+01
  11 -65.37 0.8859800E+02 0.4248860E+01
  11 -63.47 0.8858530E+02 0.4303780E+01
  11 -61.58 0.8861540E+02 0.4360950E+01
  11 -59.68 0.8866400E+02 0.4414950E+01
  11 -57.79 0.8872250E+02 0.4462000E+01
  11 -55.89 0.8880550E+02 0.4508190E+01
  11 -54.00 0.8891460E+02 0.4555280E+01
  11 -52.11 0.8903730E+02 0.4594820E+01
  11 -50.21 0.8916280E+02 0.4619800E+01
  11 -48.32 0.8928370E+02 0.4630190E+01
  11 -46.42 0.8939660E+02 0.4631280E+01
  11 -44.53 0.8949860E+02 0.4625480E+01
  11 -42.63 0.8958920E+02 0.4617650E+01
  11 -40.74 0.8966940E+02 0.4611830E+01
  11 -38.84 0.8974540E+02 0.4609440E+01
  11 -36.95 0.8981460E+02 0.4609670E+01
  11 -35.05 0.8987760E+02 0.4612720E+01
  11 -33.16 0.8993360E+02 0.4616870E+01
  11 -31.26 0.8998280E+02 0.4621430E+01
  11 -29.37 0.9003290E+02 0.4628520E+01
  11 -27.47 0.9007860E+02 0.4637450E+01
  11 -25.58 0.9012040E+02 0.4647590E+01
  11 -23.68 0.9015960E+02 0.4659110E+01
  11 -21.79 0.9020010E+02 0.4675370E+01
  11 -19.89 0.9023260E+02 0.4693680E+01
  11 -18.00 0.9026870E+02 0.4715060E+01
  11 -16.11 0.9030810E+02 0.4736960E+01
  11 -14.21 0.9034440E+02 0.4753980E+01
  11 -12.32 0.9038600E+02 0.4770610E+01
  11 -10.42 0.9042330E+02 0.4784510E+01
  11  -8.53 0.9046970E+02 0.4799530E+01
  11  -6.63 0.9052670E+02 0.4815250E+01
  11  -4.74 0.9057770E+02 0.4827670E+01
  11  -2.84 0.9061870E+02 0.4835300E+01
  11  -0.95 0.9066030E+02 0.4841110E+01
  11   0.95 0.9073220E+02 0.4853750E+01
  11   2.84 0.9076920E+02 0.4861730E+01
  11   4.74 0.9080580E+02 0.4870200E+01
  11   6.63 0.9084780E+02 0.4878970E+01
  11   8.53 0.9091210E+02 0.4887830E+01
  11  10.42 0.9095470E+02 0.4891470E+01
  11  12.32 0.9099410E+02 0.4897660E+01
  11  14.21 0.9105040E+02 0.4910660E+01
  11  16.11 0.9110970E+02 0.4930680E+01
  11  18.00 0.9116880E+02 0.4959530E+01
  11  19.89 0.9123350E+02 0.4997960E+01
  11  21.79 0.9130200E+02 0.5045740E+01
  11  23.68 0.9137240E+02 0.5100000E+01
  11  25.58 0.9144760E+02 0.5158710E+01
  11  27.47 0.9154080E+02 0.5220050E+01
  11  29.37 0.9163950E+02 0.5282380E+01
  11  31.26 0.9173790E+02 0.5345040E+01
  11  33.16 0.9184300E+02 0.5408290E+01
  11  35.05 0.9194390E+02 0.5472900E+01
  11  36.95 0.9203950E+02 0.5536870E+01
  11  38.84 0.9213830E+02 0.5596750E+01
  11  40.74 0.9223140E+02 0.5656070E+01
  11  42.63 0.9232600E+02 0.5718610E+01
  11  44.53 0.9241690E+02 0.5782850E+01
  11  46.42 0.9251030E+02 0.5847170E+01
  11  48.32 0.9260220E+02 0.5910580E+01
  11  50.21 0.9269360E+02 0.5969850E+01
  11  52.11 0.9278170E+02 0.6017560E+01
  11  54.00 0.9286920E+02 0.6050260E+01
  11  55.89 0.9294800E+02 0.6064810E+01
  11  57.79 0.9301930E+02 0.6061920E+01
  11  59.68 0.9308400E+02 0.6043630E+01
  11  61.58 0.9315590E+02 0.6014400E+01
  11  63.47 0.9324290E+02 0.5981390E+01
  11  65.37 0.9334130E+02 0.5943670E+01
  11  67.26 0.9343780E+02 0.5888540E+01
  11  69.16 0.9354340E+02 0.5817520E+01
  11  71.05 0.9368850E+02 0.5740800E+01
  11  72.95 0.9393110E+02 0.5678390E+01
  11  74.84 0.9436170E+02 0.5639520E+01
  11  76.74 0.9516460E+02 0.5552790E+01
  11  78.63 0.9608460E+02 0.5387230E+01
  11  80.53 0.9700630E+02 0.5072220E+01
  11  82.42 0.9785090E+02 0.4609840E+01
  11  84.32 0.9816450E+02 0.4489650E+01
  11  86.21 0.9830010E+02 0.4468330E+01
  11  88.11 0.9837780E+02 0.4456230E+01
  11  90.00 0.9840670E+02 0.4446630E+01
  12 -90.00 0.9029760E+02 0.3498860E+01
  12 -88.11 0.9026840E+02 0.3483750E+01
  12 -86.21 0.9019280E+02 0.3448420E+01
  12 -84.32 0.9010190E+02 0.3435000E+01
  12 -82.42 0.9000970E+02 0.3463150E+01
  12 -80.53 0.8991790E+02 0.3522770E+01
  12 -78.63 0.8981540E+02 0.3597530E+01
  12 -76.74 0.8969530E+02 0.3669560E+01
  12 -74.84 0.8955310E+02 0.3733800E+01
  12 -72.95 0.8939840E+02 0.3789200E+01
  12 -71.05 0.8923480E+02 0.3835790E+01
  12 -69.16 0.8907600E+02 0.3875540E+01
  12 -67.26 0.8892670E+02 0.3910080E+01
  12 -65.37 0.8879360E+02 0.3942370E+01
  12 -63.47 0.8868730E+02 0.3974020E+01
  12 -61.58 0.8860480E+02 0.3998240E+01
  12 -59.68 0.8861050E+02 0.4019680E+01
  12 -57.79 0.8870360E+02 0.4077000E+01
  12 -55.89 0.8879360E+02 0.4132120E+01
  12 -54.00 0.8891120E+02 0.4192860E+01
  12 -52.11 0.8904570E+02 0.4246160E+01
  12 -50.21 0.8918700E+02 0.4286490E+01
  12 -48.32 0.8932000E+02 0.4307530E+01
  12 -46.42 0.8944740E+02 0.4317860E+01
  12 -44.53 0.8956460E+02 0.4321800E+01
  12 -42.63 0.8966760E+02 0.4323090E+01
  12 -40.74 0.8975700E+02 0.4327100E+01
  12 -38.84 0.8983560E+02 0.4334520E+01
  12 -36.95 0.8990800E+02 0.4346220E+01
  12 -35.05 0.8996550E+02 0.4358190E+01
  12 -33.16 0.9002210E+02 0.4377190E+01
  12 -31.26 0.9008120E+02 0.4402790E+01
  12 -29.37 0.9011840E+02 0.4425450E+01
  12 -27.47 0.9017160E+02 0.4456790E+01
  12 -25.58 0.9020410E+02 0.4483820E+01
  12 -23.68 0.9025530E+02 0.4519050E+01
  12 -21.79 0.9028350E+02 0.4548790E+01
  12 -19.89 0.9034120E+02 0.4586330E+01
  12 -18.00 0.9037330E+02 0.4616070E+01
  12 -16.11 0.9041270E+02 0.4643500E+01
  12 -14.21 0.9046670E+02 0.4672190E+01
  12 -12.32 0.9050030E+02 0.4692450E+01
  12 -10.42 0.9056830E+02 0.4716440E+01
  12  -8.53 0.9061020E+02 0.4732210E+01
  12  -6.63 0.9065230E+02 0.4744860E+01
  12  -4.74 0.9073180E+02 0.4762190E+01
  12  -2.84 0.9078080E+02 0.4773470E+01
  12  -0.95 0.9083040E+02 0.4783300E+01
  12   0.95 0.9091860E+02 0.4798170E+01
  12   2.84 0.9097220E+02 0.4807710E+01
  12   4.74 0.9102370E+02 0.4817890E+01
  12   6.63 0.9110930E+02 0.4832200E+01
  12   8.53 0.9115490E+02 0.4840590E+01
  12  10.42 0.9119600E+02 0.4852510E+01
  12  12.32 0.9126020E+02 0.4874910E+01
  12  14.21 0.9131080E+02 0.4902450E+01
  12  16.11 0.9134820E+02 0.4939260E+01
  12  18.00 0.9140170E+02 0.4988190E+01
  12  19.89 0.9146490E+02 0.5046130E+01
  12  21.79 0.9150850E+02 0.5109070E+01
  12  23.68 0.9157140E+02 0.5179890E+01
  12  25.58 0.9165060E+02 0.5254360E+01
  12  27.47 0.9171700E+02 0.5330370E+01
  12  29.37 0.9181550E+02 0.5404560E+01
  12  31.26 0.9191140E+02 0.5473290E+01
  12  33.16 0.9198810E+02 0.5542240E+01
  12  35.05 0.9210020E+02 0.5614960E+01
  12  36.95 0.9218600E+02 0.5686580E+01
  12  38.84 0.9228350E+02 0.5754200E+01
  12  40.74 0.9237330E+02 0.5818730E+01
  12  42.63 0.9246320E+02 0.5884510E+01
  12  44.53 0.9256130E+02 0.5950210E+01
  12  46.42 0.9266420E+02 0.6015580E+01
  12  48.32 0.9276430E+02 0.6077530E+01
  12  50.21 0.9288340E+02 0.6132220E+01
  12  52.11 0.9297300E+02 0.6179610E+01
  12  54.00 0.9309650E+02 0.6206970E+01
  12  55.89 0.9321430E+02 0.6214910E+01
  12  57.79 0.9332040E+02 0.6201280E+01
  12  59.68 0.9341210E+02 0.6170870E+01
  12  61.58 0.9350780E+02 0.6131030E+01
  12  63.47 0.9361870E+02 0.6087020E+01
  12  65.37 0.9378280E+02 0.6027840E+01
  12  67.26 0.9395410E+02 0.5951400E+01
  12  69.16 0.9414760E+02 0.5852440E+01
  12  71.05 0.9449850E+02 0.5705950E+01
  12  72.95 0.9520000E+02 0.5442910E+01
  12  74.84 0.9687930E+02 0.4543460E+01
  12  76.74 0.9747690E+02 0.4370430E+01
  12  78.63 0.9781650E+02 0.4422300E+01
  12  80.53 0.9804370E+02 0.4477930E+01
  12  82.42 0.9818960E+02 0.4505650E+01
  12  84.32 0.9829430E+02 0.4517210E+01
  12  86.21 0.9836640E+02 0.4525500E+01
  12  88.11 0.9841890E+02 0.4528050E+01
  12  90.00 0.9844240E+02 0.4526040E+01
