Figure10: Hourly average vertical profiles of Al+, AlO and AlOH (cm-3) for 54N,12E during April.
Averaged over 2004-2014 from hourly WACCM-Al model output
 Time (hour), Altitude (km),Al+,AlO,AlOH (cm-3)
   1  60.00 0.4982100E-12 0.2311430E-09 0.1601620E+00
   1  62.00 0.1949820E-11 0.6638500E-09 0.2721750E+00
   1  64.00 0.1480570E-10 0.2773770E-08 0.6171610E+00
   1  66.00 0.2412650E-09 0.1112550E-07 0.1247480E+01
   1  68.00 0.2796220E-08 0.2918430E-07 0.2290340E+01
   1  70.00 0.4351770E-07 0.1906470E-06 0.4834770E+01
   1  72.00 0.1663420E-05 0.8130490E-06 0.7898480E+01
   1  74.00 0.9043170E-05 0.3335810E-05 0.1350980E+02
   1  76.00 0.9477660E-03 0.5455030E-04 0.2159550E+02
   1  78.00 0.8292520E-01 0.1325580E-02 0.2857070E+02
   1  80.00 0.5032120E+00 0.7432350E-02 0.3750770E+02
   1  82.00 0.4804650E+01 0.6556850E-01 0.4930740E+02
   1  84.00 0.1208700E+02 0.3459630E+00 0.5708900E+02
   1  86.00 0.2659650E+02 0.1111850E+01 0.6278210E+02
   1  88.00 0.4315300E+02 0.5370340E+01 0.5744910E+02
   1  90.00 0.5585600E+02 0.1021240E+02 0.4615340E+02
   1  92.00 0.6535760E+02 0.1698240E+02 0.2774570E+02
   1  94.00 0.6929730E+02 0.1750900E+02 0.1392060E+02
   1  96.00 0.6676690E+02 0.1513140E+02 0.5620050E+01
   1  98.00 0.5917750E+02 0.1148910E+02 0.2132580E+01
   1 100.00 0.4788520E+02 0.8262990E+01 0.8163470E+00
   1 102.00 0.3664390E+02 0.5148210E+01 0.2892100E+00
   1 104.00 0.2670170E+02 0.2432260E+01 0.1094250E+00
   1 106.00 0.1911190E+02 0.1136380E+01 0.4527990E-01
   1 108.00 0.1374990E+02 0.5028530E+00 0.1803350E-01
   1 110.00 0.1008980E+02 0.2696590E+00 0.8415600E-02
   1 112.00 0.7491280E+01 0.1405920E+00 0.3423910E-02
   1 114.00 0.5764120E+01 0.8630220E-01 0.1695790E-02
   1 116.00 0.4490730E+01 0.5467760E-01 0.8685350E-03
   1 118.00 0.3551590E+01 0.3511300E-01 0.4017350E-03
   1 120.00 0.2899980E+01 0.2537950E-01 0.2460400E-03
   2  60.00 0.4625340E-12 0.2273150E-09 0.1644930E+00
   2  62.00 0.1834770E-11 0.6384790E-09 0.2788590E+00
   2  64.00 0.1358010E-10 0.2648700E-08 0.6360440E+00
   2  66.00 0.1903940E-09 0.1151860E-07 0.1305230E+01
   2  68.00 0.2020460E-08 0.2984750E-07 0.2356910E+01
   2  70.00 0.3420740E-07 0.2002290E-06 0.4976530E+01
   2  72.00 0.1823450E-05 0.9207100E-06 0.8243880E+01
   2  74.00 0.9914960E-05 0.3526580E-05 0.1392960E+02
   2  76.00 0.9376610E-03 0.5480820E-04 0.2206330E+02
   2  78.00 0.8034060E-01 0.1353730E-02 0.2898510E+02
   2  80.00 0.5077250E+00 0.7356750E-02 0.3774080E+02
   2  82.00 0.4928570E+01 0.6555250E-01 0.4940390E+02
   2  84.00 0.1238080E+02 0.3072530E+00 0.5677300E+02
   2  86.00 0.2693500E+02 0.9381700E+00 0.6188290E+02
   2  88.00 0.4358290E+02 0.4337010E+01 0.5719820E+02
   2  90.00 0.5614740E+02 0.8455460E+01 0.4656730E+02
   2  92.00 0.6519660E+02 0.1474340E+02 0.2896790E+02
   2  94.00 0.6889330E+02 0.1604810E+02 0.1494730E+02
   2  96.00 0.6623100E+02 0.1461760E+02 0.6261450E+01
   2  98.00 0.5849100E+02 0.1156950E+02 0.2456530E+01
   2 100.00 0.4733640E+02 0.8537490E+01 0.9833500E+00
   2 102.00 0.3633210E+02 0.5447820E+01 0.3725310E+00
   2 104.00 0.2668830E+02 0.2620710E+01 0.1525950E+00
   2 106.00 0.1925390E+02 0.1248030E+01 0.6637230E-01
   2 108.00 0.1394070E+02 0.5645750E+00 0.2760350E-01
   2 110.00 0.1026730E+02 0.3061730E+00 0.1301950E-01
   2 112.00 0.7642990E+01 0.1626300E+00 0.5598590E-02
   2 114.00 0.5875590E+01 0.9949020E-01 0.2786740E-02
   2 116.00 0.4575500E+01 0.6329010E-01 0.1453550E-02
   2 118.00 0.3613190E+01 0.4068420E-01 0.6919280E-03
   2 120.00 0.2940250E+01 0.2928940E-01 0.4286300E-03
   3  60.00 0.4307240E-12 0.2220630E-09 0.1685590E+00
   3  62.00 0.1804590E-11 0.6189390E-09 0.2861280E+00
   3  64.00 0.1295160E-10 0.2545260E-08 0.6540410E+00
   3  66.00 0.1771830E-09 0.1192050E-07 0.1361140E+01
   3  68.00 0.1615760E-08 0.3059070E-07 0.2419380E+01
   3  70.00 0.3312630E-07 0.2114450E-06 0.5139420E+01
   3  72.00 0.1946030E-05 0.1042330E-05 0.8599840E+01
   3  74.00 0.1031370E-04 0.3795530E-05 0.1428600E+02
   3  76.00 0.7720750E-03 0.5337090E-04 0.2231380E+02
   3  78.00 0.7942420E-01 0.1414890E-02 0.2924240E+02
   3  80.00 0.5092420E+00 0.7372880E-02 0.3780160E+02
   3  82.00 0.4987010E+01 0.6630050E-01 0.4922070E+02
   3  84.00 0.1265250E+02 0.2863650E+00 0.5633200E+02
   3  86.00 0.2731380E+02 0.8517180E+00 0.6090300E+02
   3  88.00 0.4443710E+02 0.3730200E+01 0.5661360E+02
   3  90.00 0.5682250E+02 0.7405190E+01 0.4639060E+02
   3  92.00 0.6554370E+02 0.1320610E+02 0.2949110E+02
   3  94.00 0.6876690E+02 0.1494010E+02 0.1552290E+02
   3  96.00 0.6582530E+02 0.1415460E+02 0.6713250E+01
   3  98.00 0.5785240E+02 0.1166010E+02 0.2753070E+01
   3 100.00 0.4691940E+02 0.8805560E+01 0.1162270E+01
   3 102.00 0.3623270E+02 0.5754710E+01 0.4667210E+00
   3 104.00 0.2687200E+02 0.2831790E+01 0.1973440E+00
   3 106.00 0.1954940E+02 0.1370790E+01 0.8655050E-01
   3 108.00 0.1419640E+02 0.6282540E+00 0.3676920E-01
   3 110.00 0.1044440E+02 0.3416830E+00 0.1762370E-01
   3 112.00 0.7758850E+01 0.1824500E+00 0.7846190E-02
   3 114.00 0.5941510E+01 0.1120880E+00 0.4040500E-02
   3 116.00 0.4606500E+01 0.7085030E-01 0.2130010E-02
   3 118.00 0.3626750E+01 0.4556870E-01 0.1054280E-02
   3 120.00 0.2935650E+01 0.3258540E-01 0.6489120E-03
   4  60.00 0.2066160E-10 0.4792530E-07 0.1607050E+00
   4  62.00 0.4829710E-10 0.1295400E-06 0.2726810E+00
   4  64.00 0.2326850E-09 0.6729850E-06 0.6195180E+00
   4  66.00 0.1246160E-08 0.2298290E-05 0.1306860E+01
   4  68.00 0.5126770E-08 0.7344340E-05 0.2270970E+01
   4  70.00 0.6224470E-07 0.3450990E-04 0.4843560E+01
   4  72.00 0.1899600E-05 0.1138960E-03 0.8026040E+01
   4  74.00 0.1132600E-04 0.5974290E-03 0.1291600E+02
   4  76.00 0.8148300E-03 0.6368250E-02 0.1985740E+02
   4  78.00 0.8485830E-01 0.2497030E+00 0.2656860E+02
   4  80.00 0.5323860E+00 0.8377690E+00 0.3577730E+02
   4  82.00 0.5179450E+01 0.4014170E+01 0.4441920E+02
   4  84.00 0.1313660E+02 0.6852410E+01 0.4908650E+02
   4  86.00 0.2823290E+02 0.9560590E+01 0.5147600E+02
   4  88.00 0.4596950E+02 0.1201290E+02 0.4742580E+02
   4  90.00 0.5849010E+02 0.1377340E+02 0.3914020E+02
   4  92.00 0.6738650E+02 0.1662020E+02 0.2533100E+02
   4  94.00 0.7006860E+02 0.1662180E+02 0.1367220E+02
   4  96.00 0.6655180E+02 0.1507690E+02 0.6022870E+01
   4  98.00 0.5814240E+02 0.1241480E+02 0.2571700E+01
   4 100.00 0.4730420E+02 0.9457340E+01 0.1111680E+01
   4 102.00 0.3691050E+02 0.6361220E+01 0.4533550E+00
   4 104.00 0.2756660E+02 0.3239000E+01 0.1953180E+00
   4 106.00 0.2010850E+02 0.1588980E+01 0.8706070E-01
   4 108.00 0.1458790E+02 0.7349070E+00 0.3879330E-01
   4 110.00 0.1067440E+02 0.3951690E+00 0.1889860E-01
   4 112.00 0.7888770E+01 0.2095900E+00 0.8749610E-02
   4 114.00 0.6001790E+01 0.1279050E+00 0.4589850E-02
   4 116.00 0.4621540E+01 0.7976700E-01 0.2418010E-02
   4 118.00 0.3626390E+01 0.5155200E-01 0.1242300E-02
   4 120.00 0.2915790E+01 0.3626090E-01 0.7532740E-03
   5  60.00 0.3379710E-08 0.1761310E-05 0.7410780E-01
   5  62.00 0.8217540E-08 0.3784700E-05 0.9974380E-01
   5  64.00 0.4015210E-07 0.1056180E-04 0.1438310E+00
   5  66.00 0.1962980E-06 0.3312390E-04 0.2195660E+00
   5  68.00 0.5526950E-06 0.7066870E-04 0.3113570E+00
   5  70.00 0.3470460E-05 0.2796080E-03 0.5593750E+00
   5  72.00 0.1656900E-04 0.9340330E-03 0.9178390E+00
   5  74.00 0.7976700E-04 0.3080240E-02 0.1590940E+01
   5  76.00 0.4198820E-02 0.4722370E-01 0.5335360E+01
   5  78.00 0.1531730E+00 0.9171290E+00 0.1158980E+02
   5  80.00 0.7766950E+00 0.3718850E+01 0.2516990E+02
   5  82.00 0.5878710E+01 0.1797070E+02 0.2594530E+02
   5  84.00 0.1425110E+02 0.3187570E+02 0.2112250E+02
   5  86.00 0.2992140E+02 0.4648940E+02 0.1313400E+02
   5  88.00 0.4813420E+02 0.5087290E+02 0.7885830E+01
   5  90.00 0.6098900E+02 0.4813680E+02 0.4597490E+01
   5  92.00 0.7001440E+02 0.3937830E+02 0.2553190E+01
   5  94.00 0.7179580E+02 0.2939300E+02 0.1304250E+01
   5  96.00 0.6774880E+02 0.2109150E+02 0.5653710E+00
   5  98.00 0.5898440E+02 0.1539930E+02 0.2473570E+00
   5 100.00 0.4813190E+02 0.1111690E+02 0.1077350E+00
   5 102.00 0.3777860E+02 0.7420010E+01 0.4483000E-01
   5 104.00 0.2831720E+02 0.3912430E+01 0.2018280E-01
   5 106.00 0.2062180E+02 0.1940230E+01 0.9138500E-02
   5 108.00 0.1488350E+02 0.8952990E+00 0.4218120E-02
   5 110.00 0.1080390E+02 0.4726080E+00 0.2093110E-02
   5 112.00 0.7928410E+01 0.2451000E+00 0.9936630E-03
   5 114.00 0.5991230E+01 0.1477770E+00 0.5289820E-03
   5 116.00 0.4579260E+01 0.8977360E-01 0.2765590E-03
   5 118.00 0.3583900E+01 0.5747070E-01 0.1434940E-03
   5 120.00 0.2864720E+01 0.3970580E-01 0.8590190E-04
   6  60.00 0.1774230E-07 0.1033750E-04 0.4212570E+00
   6  62.00 0.4536360E-07 0.1789950E-04 0.4714430E+00
   6  64.00 0.1870220E-06 0.3809070E-04 0.5184910E+00
   6  66.00 0.9024370E-06 0.7163970E-04 0.5510630E+00
   6  68.00 0.2194890E-05 0.1303420E-03 0.5937200E+00
   6  70.00 0.1109860E-04 0.3230180E-03 0.6774940E+00
   6  72.00 0.3932100E-04 0.9720810E-03 0.8867120E+00
   6  74.00 0.1677190E-03 0.3765770E-02 0.1443770E+01
   6  76.00 0.5833030E-02 0.6428640E-01 0.5532980E+01
   6  78.00 0.1607970E+00 0.9844470E+00 0.1183650E+02
   6  80.00 0.8239580E+00 0.3957330E+01 0.2483890E+02
   6  82.00 0.5915900E+01 0.1867910E+02 0.2519850E+02
   6  84.00 0.1444590E+02 0.3338160E+02 0.1980520E+02
   6  86.00 0.3048760E+02 0.4945560E+02 0.1091450E+02
   6  88.00 0.4880510E+02 0.5424060E+02 0.5396840E+01
   6  90.00 0.6184230E+02 0.5124580E+02 0.2282790E+01
   6  92.00 0.7090620E+02 0.4163380E+02 0.9388590E+00
   6  94.00 0.7229250E+02 0.3091600E+02 0.3572940E+00
   6  96.00 0.6783520E+02 0.2209950E+02 0.1196630E+00
   6  98.00 0.5908030E+02 0.1613020E+02 0.4423760E-01
   6 100.00 0.4834830E+02 0.1169890E+02 0.1575400E-01
   6 102.00 0.3789670E+02 0.7835200E+01 0.5008660E-02
   6 104.00 0.2832880E+02 0.4211940E+01 0.1660740E-02
   6 106.00 0.2048780E+02 0.2084500E+01 0.5607000E-03
   6 108.00 0.1469250E+02 0.9401080E+00 0.2098860E-03
   6 110.00 0.1058960E+02 0.4896600E+00 0.9678480E-04
   6 112.00 0.7729190E+01 0.2487150E+00 0.4304840E-04
   6 114.00 0.5821530E+01 0.1484250E+00 0.2227910E-04
   6 116.00 0.4432480E+01 0.8794960E-01 0.1087670E-04
   6 118.00 0.3472510E+01 0.5614500E-01 0.5653770E-05
   6 120.00 0.2774680E+01 0.3848210E-01 0.3385230E-05
   7  60.00 0.1986510E-07 0.1875120E-04 0.7241080E+00
   7  62.00 0.5061010E-07 0.3432600E-04 0.8649270E+00
   7  64.00 0.1903000E-06 0.8402230E-04 0.1072170E+01
   7  66.00 0.8712600E-06 0.1811490E-03 0.1246890E+01
   7  68.00 0.2055690E-05 0.3483120E-03 0.1453240E+01
   7  70.00 0.1054930E-04 0.9808310E-03 0.1755040E+01
   7  72.00 0.4170870E-04 0.2707070E-02 0.2181280E+01
   7  74.00 0.1496530E-03 0.7974010E-02 0.3055030E+01
   7  76.00 0.5030920E-02 0.8995800E-01 0.7284630E+01
   7  78.00 0.1314260E+00 0.1059440E+01 0.1333180E+02
   7  80.00 0.7154130E+00 0.4055720E+01 0.2478640E+02
   7  82.00 0.5571280E+01 0.1871360E+02 0.2492960E+02
   7  84.00 0.1430290E+02 0.3360070E+02 0.1964680E+02
   7  86.00 0.3012480E+02 0.4981630E+02 0.1082210E+02
   7  88.00 0.4853430E+02 0.5469890E+02 0.5322780E+01
   7  90.00 0.6149150E+02 0.5162720E+02 0.2225820E+01
   7  92.00 0.7027660E+02 0.4202530E+02 0.8947430E+00
   7  94.00 0.7169490E+02 0.3110270E+02 0.3344560E+00
   7  96.00 0.6711980E+02 0.2231610E+02 0.1095280E+00
   7  98.00 0.5854920E+02 0.1628620E+02 0.3901450E-01
   7 100.00 0.4807110E+02 0.1167510E+02 0.1319590E-01
   7 102.00 0.3748470E+02 0.7579600E+01 0.3745470E-02
   7 104.00 0.2783840E+02 0.3923780E+01 0.1014750E-02
   7 106.00 0.1993920E+02 0.1868260E+01 0.2705070E-03
   7 108.00 0.1420900E+02 0.8080000E+00 0.6784330E-04
   7 110.00 0.1019460E+02 0.4177410E+00 0.2895930E-04
   7 112.00 0.7432920E+01 0.2109810E+00 0.1217800E-04
   7 114.00 0.5614570E+01 0.1269760E+00 0.6825190E-05
   7 116.00 0.4288540E+01 0.7550770E-01 0.3735120E-05
   7 118.00 0.3375150E+01 0.4836280E-01 0.2165670E-05
   7 120.00 0.2711760E+01 0.3331350E-01 0.1371660E-05
   8  60.00 0.1821920E-07 0.2360410E-04 0.8978950E+00
   8  62.00 0.4431260E-07 0.4478560E-04 0.1106070E+01
   8  64.00 0.1608190E-06 0.1165860E-03 0.1456360E+01
   8  66.00 0.7684090E-06 0.2850110E-03 0.1819870E+01
   8  68.00 0.1960400E-05 0.5794640E-03 0.2293000E+01
   8  70.00 0.1185740E-04 0.1992100E-02 0.3100240E+01
   8  72.00 0.5122790E-04 0.5917720E-02 0.3993860E+01
   8  74.00 0.1740390E-03 0.1672440E-01 0.5374090E+01
   8  76.00 0.5269450E-02 0.1337870E+00 0.9612670E+01
   8  78.00 0.1175210E+00 0.1179460E+01 0.1514330E+02
   8  80.00 0.6550560E+00 0.4288130E+01 0.2489180E+02
   8  82.00 0.5314480E+01 0.1905760E+02 0.2473110E+02
   8  84.00 0.1415520E+02 0.3416440E+02 0.1952580E+02
   8  86.00 0.2969840E+02 0.5033890E+02 0.1077920E+02
   8  88.00 0.4832700E+02 0.5533710E+02 0.5296260E+01
   8  90.00 0.6135600E+02 0.5223880E+02 0.2208430E+01
   8  92.00 0.6976970E+02 0.4241210E+02 0.8816240E+00
   8  94.00 0.7116960E+02 0.3123750E+02 0.3297740E+00
   8  96.00 0.6687230E+02 0.2228400E+02 0.1076890E+00
   8  98.00 0.5866620E+02 0.1588240E+02 0.3748150E-01
   8 100.00 0.4841520E+02 0.1083140E+02 0.1239000E-01
   8 102.00 0.3757090E+02 0.6596340E+01 0.3340560E-02
   8 104.00 0.2769570E+02 0.3220320E+01 0.8368430E-03
   8 106.00 0.1963960E+02 0.1489280E+01 0.2216760E-03
   8 108.00 0.1392410E+02 0.6390430E+00 0.5295910E-04
   8 110.00 0.9962990E+01 0.3342880E+00 0.2333380E-04
   8 112.00 0.7258880E+01 0.1720980E+00 0.1004590E-04
   8 114.00 0.5496680E+01 0.1044220E+00 0.5706880E-05
   8 116.00 0.4209780E+01 0.6236830E-01 0.3149430E-05
   8 118.00 0.3320750E+01 0.3983480E-01 0.1832680E-05
   8 120.00 0.2681550E+01 0.2742730E-01 0.1164300E-05
   9  60.00 0.1746610E-07 0.2612380E-04 0.1000110E+01
   9  62.00 0.4309560E-07 0.4997120E-04 0.1238450E+01
   9  64.00 0.1864520E-06 0.1331940E-03 0.1667300E+01
   9  66.00 0.1061680E-05 0.3501590E-03 0.2186220E+01
   9  68.00 0.2948990E-05 0.7447080E-03 0.2911050E+01
   9  70.00 0.1793240E-04 0.2959670E-02 0.4293890E+01
   9  72.00 0.7246820E-04 0.9371140E-02 0.5682810E+01
   9  74.00 0.2309300E-03 0.2711290E-01 0.7566520E+01
   9  76.00 0.5631570E-02 0.1847610E+00 0.1173150E+02
   9  78.00 0.1066240E+00 0.1265620E+01 0.1667510E+02
   9  80.00 0.6153620E+00 0.4512830E+01 0.2510750E+02
   9  82.00 0.5091840E+01 0.1930590E+02 0.2471410E+02
   9  84.00 0.1381850E+02 0.3444670E+02 0.1961220E+02
   9  86.00 0.2944200E+02 0.5094870E+02 0.1086990E+02
   9  88.00 0.4821080E+02 0.5622020E+02 0.5356430E+01
   9  90.00 0.6120230E+02 0.5318670E+02 0.2237070E+01
   9  92.00 0.6947340E+02 0.4290780E+02 0.8930550E+00
   9  94.00 0.7129330E+02 0.3129940E+02 0.3316560E+00
   9  96.00 0.6766180E+02 0.2178230E+02 0.1061490E+00
   9  98.00 0.6009380E+02 0.1461550E+02 0.3506360E-01
   9 100.00 0.4977300E+02 0.9238600E+01 0.1103150E-01
   9 102.00 0.3841880E+02 0.5251660E+01 0.2796650E-02
   9 104.00 0.2800570E+02 0.2469150E+01 0.6830670E-03
   9 106.00 0.1968660E+02 0.1133230E+01 0.1812730E-03
   9 108.00 0.1385840E+02 0.4904140E+00 0.4324740E-04
   9 110.00 0.9900890E+01 0.2587700E+00 0.1926010E-04
   9 112.00 0.7210490E+01 0.1340640E+00 0.8227590E-05
   9 114.00 0.5477570E+01 0.8234790E-01 0.4736150E-05
   9 116.00 0.4207880E+01 0.4992680E-01 0.2674120E-05
   9 118.00 0.3325360E+01 0.3164730E-01 0.1550590E-05
   9 120.00 0.2705930E+01 0.2180900E-01 0.9855210E-06
  10  60.00 0.1813510E-07 0.2744100E-04 0.1064930E+01
  10  62.00 0.4822340E-07 0.5244630E-04 0.1319610E+01
  10  64.00 0.2716510E-06 0.1414780E-03 0.1790310E+01
  10  66.00 0.1537440E-05 0.3751850E-03 0.2386290E+01
  10  68.00 0.4371160E-05 0.8201150E-03 0.3252540E+01
  10  70.00 0.2495000E-04 0.3455660E-02 0.5019950E+01
  10  72.00 0.9796630E-04 0.1166890E-01 0.6769120E+01
  10  74.00 0.3086580E-03 0.3569340E-01 0.9159910E+01
  10  76.00 0.5324040E-02 0.2269780E+00 0.1327730E+02
  10  78.00 0.9764960E-01 0.1315030E+01 0.1776300E+02
  10  80.00 0.5885560E+00 0.4665720E+01 0.2524830E+02
  10  82.00 0.4822320E+01 0.1926060E+02 0.2472750E+02
  10  84.00 0.1323090E+02 0.3429320E+02 0.1977240E+02
  10  86.00 0.2886910E+02 0.5133300E+02 0.1104440E+02
  10  88.00 0.4744970E+02 0.5695370E+02 0.5471110E+01
  10  90.00 0.6038400E+02 0.5400220E+02 0.2286460E+01
  10  92.00 0.6899660E+02 0.4324130E+02 0.9092300E+00
  10  94.00 0.7184760E+02 0.3084120E+02 0.3320820E+00
  10  96.00 0.6880570E+02 0.2052320E+02 0.1024870E+00
  10  98.00 0.6190370E+02 0.1255700E+02 0.3152300E-01
  10 100.00 0.5127650E+02 0.7352470E+01 0.9265230E-02
  10 102.00 0.3937340E+02 0.3929100E+01 0.2194030E-02
  10 104.00 0.2836020E+02 0.1805320E+01 0.5247190E-03
  10 106.00 0.1977550E+02 0.8260960E+00 0.1395320E-03
  10 108.00 0.1385340E+02 0.3612100E+00 0.3412610E-04
  10 110.00 0.9915140E+01 0.1939150E+00 0.1534290E-04
  10 112.00 0.7230970E+01 0.1022770E+00 0.6763050E-05
  10 114.00 0.5530890E+01 0.6345240E-01 0.3906920E-05
  10 116.00 0.4281340E+01 0.3926030E-01 0.2245830E-05
  10 118.00 0.3387940E+01 0.2467550E-01 0.1276960E-05
  10 120.00 0.2773860E+01 0.1712150E-01 0.8166110E-06
  11  60.00 0.2031300E-07 0.2794850E-04 0.1102950E+01
  11  62.00 0.5787880E-07 0.5338740E-04 0.1368910E+01
  11  64.00 0.3823120E-06 0.1452450E-03 0.1861990E+01
  11  66.00 0.1907750E-05 0.3738090E-03 0.2470230E+01
  11  68.00 0.5365090E-05 0.8273580E-03 0.3391490E+01
  11  70.00 0.2969660E-04 0.3486710E-02 0.5326500E+01
  11  72.00 0.1139330E-03 0.1225410E-01 0.7281250E+01
  11  74.00 0.3718810E-03 0.4060720E-01 0.1017380E+02
  11  76.00 0.4035860E-02 0.2563310E+00 0.1438890E+02
  11  78.00 0.9249710E-01 0.1335420E+01 0.1854720E+02
  11  80.00 0.5664130E+00 0.4771940E+01 0.2535120E+02
  11  82.00 0.4529790E+01 0.1909750E+02 0.2477610E+02
  11  84.00 0.1246050E+02 0.3402770E+02 0.2002190E+02
  11  86.00 0.2836700E+02 0.5181750E+02 0.1122780E+02
  11  88.00 0.4706770E+02 0.5788310E+02 0.5568600E+01
  11  90.00 0.6024370E+02 0.5505930E+02 0.2323710E+01
  11  92.00 0.6945310E+02 0.4356200E+02 0.9211720E+00
  11  94.00 0.7365000E+02 0.3004060E+02 0.3288310E+00
  11  96.00 0.7128680E+02 0.1887360E+02 0.9609480E-01
  11  98.00 0.6459560E+02 0.1043460E+02 0.2766230E-01
  11 100.00 0.5325400E+02 0.5724470E+01 0.7511520E-02
  11 102.00 0.4075010E+02 0.2930440E+01 0.1650730E-02
  11 104.00 0.2905330E+02 0.1332200E+01 0.4022810E-03
  11 106.00 0.2021390E+02 0.6091970E+00 0.1031380E-03
  11 108.00 0.1414420E+02 0.2683400E+00 0.2630020E-04
  11 110.00 0.1019720E+02 0.1473890E+00 0.1209470E-04
  11 112.00 0.7472450E+01 0.7996550E-01 0.5671270E-05
  11 114.00 0.5736570E+01 0.4963740E-01 0.3217480E-05
  11 116.00 0.4471900E+01 0.3134700E-01 0.1879280E-05
  11 118.00 0.3535760E+01 0.1958540E-01 0.1036730E-05
  11 120.00 0.2897140E+01 0.1361760E-01 0.6630110E-06
  12  60.00 0.2302890E-07 0.2772100E-04 0.1114230E+01
  12  62.00 0.6786860E-07 0.5305530E-04 0.1385690E+01
  12  64.00 0.4617800E-06 0.1446770E-03 0.1881850E+01
  12  66.00 0.2033390E-05 0.3577590E-03 0.2467440E+01
  12  68.00 0.5741700E-05 0.8043020E-03 0.3399350E+01
  12  70.00 0.3084280E-04 0.3234600E-02 0.5320510E+01
  12  72.00 0.1162750E-03 0.1155520E-01 0.7335970E+01
  12  74.00 0.3932160E-03 0.4116260E-01 0.1068160E+02
  12  76.00 0.4281130E-02 0.2816790E+00 0.1514770E+02
  12  78.00 0.9065160E-01 0.1350700E+01 0.1915080E+02
  12  80.00 0.5571860E+00 0.4874160E+01 0.2545220E+02
  12  82.00 0.4481780E+01 0.1917890E+02 0.2483090E+02
  12  84.00 0.1207680E+02 0.3420730E+02 0.2024600E+02
  12  86.00 0.2851150E+02 0.5295510E+02 0.1133570E+02
  12  88.00 0.4749360E+02 0.5914350E+02 0.5622250E+01
  12  90.00 0.6117500E+02 0.5629670E+02 0.2334210E+01
  12  92.00 0.7127500E+02 0.4389620E+02 0.9261670E+00
  12  94.00 0.7637630E+02 0.2923390E+02 0.3222620E+00
  12  96.00 0.7457310E+02 0.1723420E+02 0.8781050E-01
  12  98.00 0.6751400E+02 0.8744940E+01 0.2433120E-01
  12 100.00 0.5534990E+02 0.4545250E+01 0.6041780E-02
  12 102.00 0.4234720E+02 0.2271560E+01 0.1240100E-02
  12 104.00 0.3005270E+02 0.1037950E+01 0.3172890E-03
  12 106.00 0.2098270E+02 0.4740550E+00 0.7725450E-04
  12 108.00 0.1472840E+02 0.2123580E+00 0.2193340E-04
  12 110.00 0.1067070E+02 0.1167140E+00 0.9692430E-05
  12 112.00 0.7852430E+01 0.6479040E-01 0.4713400E-05
  12 114.00 0.6021890E+01 0.3987670E-01 0.2581890E-05
  12 116.00 0.4712070E+01 0.2550950E-01 0.1520470E-05
  12 118.00 0.3723340E+01 0.1598820E-01 0.8323470E-06
  12 120.00 0.3037200E+01 0.1105020E-01 0.5255360E-06
  13  60.00 0.2461640E-07 0.2678000E-04 0.1097300E+01
  13  62.00 0.7352580E-07 0.5150470E-04 0.1367310E+01
  13  64.00 0.4803850E-06 0.1398470E-03 0.1847140E+01
  13  66.00 0.1917190E-05 0.3324360E-03 0.2390750E+01
  13  68.00 0.5522550E-05 0.7616180E-03 0.3302350E+01
  13  70.00 0.2924640E-04 0.2922610E-02 0.5119220E+01
  13  72.00 0.1097320E-03 0.1033120E-01 0.7106520E+01
  13  74.00 0.3951800E-03 0.3926530E-01 0.1085940E+02
  13  76.00 0.5149700E-02 0.3044880E+00 0.1565270E+02
  13  78.00 0.9668760E-01 0.1378480E+01 0.1971310E+02
  13  80.00 0.5861900E+00 0.5099410E+01 0.2572330E+02
  13  82.00 0.4690660E+01 0.1981250E+02 0.2497780E+02
  13  84.00 0.1216020E+02 0.3523220E+02 0.2044140E+02
  13  86.00 0.2940780E+02 0.5460930E+02 0.1140880E+02
  13  88.00 0.4881990E+02 0.6048130E+02 0.5652340E+01
  13  90.00 0.6322200E+02 0.5737780E+02 0.2336550E+01
  13  92.00 0.7424740E+02 0.4423860E+02 0.9270680E+00
  13  94.00 0.7926000E+02 0.2878530E+02 0.3152760E+00
  13  96.00 0.7742580E+02 0.1602400E+02 0.8212600E-01
  13  98.00 0.6987970E+02 0.7741110E+01 0.2261530E-01
  13 100.00 0.5727970E+02 0.3863000E+01 0.5174110E-02
  13 102.00 0.4403070E+02 0.1918650E+01 0.1034530E-02
  13 104.00 0.3132070E+02 0.8826630E+00 0.2828930E-03
  13 106.00 0.2196910E+02 0.3976110E+00 0.6610210E-04
  13 108.00 0.1547270E+02 0.1796530E+00 0.2056170E-04
  13 110.00 0.1122460E+02 0.9705350E-01 0.8403170E-05
  13 112.00 0.8269390E+01 0.5480980E-01 0.4077370E-05
  13 114.00 0.6319170E+01 0.3343620E-01 0.2141510E-05
  13 116.00 0.4940770E+01 0.2142120E-01 0.1252220E-05
  13 118.00 0.3892630E+01 0.1338900E-01 0.6757470E-06
  13 120.00 0.3158220E+01 0.9190310E-02 0.4204350E-06
  14  60.00 0.2396320E-07 0.2511960E-04 0.1051140E+01
  14  62.00 0.7186420E-07 0.4863870E-04 0.1311500E+01
  14  64.00 0.4397970E-06 0.1309350E-03 0.1758680E+01
  14  66.00 0.1639180E-05 0.3014050E-03 0.2251330E+01
  14  68.00 0.4840400E-05 0.7031880E-03 0.3117940E+01
  14  70.00 0.2603380E-04 0.2634640E-02 0.4815400E+01
  14  72.00 0.9632180E-04 0.8916870E-02 0.6731430E+01
  14  74.00 0.3766870E-03 0.3570280E-01 0.1078330E+02
  14  76.00 0.5571650E-02 0.3148020E+00 0.1591430E+02
  14  78.00 0.1016010E+00 0.1404830E+01 0.2017930E+02
  14  80.00 0.5824340E+00 0.5353240E+01 0.2604730E+02
  14  82.00 0.4917950E+01 0.2040860E+02 0.2512930E+02
  14  84.00 0.1232380E+02 0.3620200E+02 0.2058840E+02
  14  86.00 0.3026120E+02 0.5601430E+02 0.1146370E+02
  14  88.00 0.4975430E+02 0.6164350E+02 0.5678620E+01
  14  90.00 0.6457940E+02 0.5826140E+02 0.2355090E+01
  14  92.00 0.7604080E+02 0.4465600E+02 0.9395830E+00
  14  94.00 0.8084840E+02 0.2890770E+02 0.3167110E+00
  14  96.00 0.7913660E+02 0.1558830E+02 0.8121780E-01
  14  98.00 0.7152120E+02 0.7355980E+01 0.2232480E-01
  14 100.00 0.5887620E+02 0.3561480E+01 0.4849450E-02
  14 102.00 0.4544250E+02 0.1757410E+01 0.9648030E-03
  14 104.00 0.3243310E+02 0.8016120E+00 0.2672110E-03
  14 106.00 0.2278490E+02 0.3528210E+00 0.6003970E-04
  14 108.00 0.1601860E+02 0.1576090E+00 0.1892750E-04
  14 110.00 0.1160130E+02 0.8348750E-01 0.7393560E-05
  14 112.00 0.8535110E+01 0.4705930E-01 0.3487090E-05
  14 114.00 0.6491620E+01 0.2851990E-01 0.1771560E-05
  14 116.00 0.5047740E+01 0.1822350E-01 0.1030450E-05
  14 118.00 0.3957730E+01 0.1140360E-01 0.5552790E-06
  14 120.00 0.3196580E+01 0.7858460E-02 0.3472950E-06
  15  60.00 0.2164050E-07 0.2290660E-04 0.9791570E+00
  15  62.00 0.6458770E-07 0.4464290E-04 0.1220610E+01
  15  64.00 0.3637000E-06 0.1189970E-03 0.1624690E+01
  15  66.00 0.1287320E-05 0.2670210E-03 0.2059850E+01
  15  68.00 0.3889970E-05 0.6320530E-03 0.2853790E+01
  15  70.00 0.2170510E-04 0.2346350E-02 0.4422940E+01
  15  72.00 0.8005810E-04 0.7542410E-02 0.6247530E+01
  15  74.00 0.3344730E-03 0.3092010E-01 0.1044580E+02
  15  76.00 0.5779550E-02 0.3155130E+00 0.1593210E+02
  15  78.00 0.1103900E+00 0.1429170E+01 0.2051310E+02
  15  80.00 0.5772460E+00 0.5614020E+01 0.2633610E+02
  15  82.00 0.5091670E+01 0.2085270E+02 0.2529130E+02
  15  84.00 0.1245380E+02 0.3696390E+02 0.2071520E+02
  15  86.00 0.3065490E+02 0.5686330E+02 0.1152660E+02
  15  88.00 0.4987890E+02 0.6238870E+02 0.5705780E+01
  15  90.00 0.6479900E+02 0.5892060E+02 0.2387900E+01
  15  92.00 0.7643700E+02 0.4514000E+02 0.9587920E+00
  15  94.00 0.8148280E+02 0.2937170E+02 0.3231590E+00
  15  96.00 0.8009700E+02 0.1583590E+02 0.8387940E-01
  15  98.00 0.7249130E+02 0.7456520E+01 0.2305560E-01
  15 100.00 0.5995300E+02 0.3560260E+01 0.4842360E-02
  15 102.00 0.4640230E+02 0.1746950E+01 0.9617220E-03
  15 104.00 0.3319010E+02 0.7853030E+00 0.2636840E-03
  15 106.00 0.2336150E+02 0.3360790E+00 0.5725830E-04
  15 108.00 0.1641560E+02 0.1464310E+00 0.1786470E-04
  15 110.00 0.1183450E+02 0.7591210E-01 0.6687480E-05
  15 112.00 0.8665440E+01 0.4232920E-01 0.3087600E-05
  15 114.00 0.6560310E+01 0.2565190E-01 0.1547470E-05
  15 116.00 0.5069220E+01 0.1642260E-01 0.8952050E-06
  15 118.00 0.3957630E+01 0.1039100E-01 0.4860380E-06
  15 120.00 0.3187260E+01 0.7203500E-02 0.3052200E-06
  16  60.00 0.1878880E-07 0.2032030E-04 0.8856560E+00
  16  62.00 0.5518800E-07 0.3980510E-04 0.1100640E+01
  16  64.00 0.2798170E-06 0.1049260E-03 0.1454670E+01
  16  66.00 0.9338280E-06 0.2304000E-03 0.1826870E+01
  16  68.00 0.2831800E-05 0.5480430E-03 0.2515160E+01
  16  70.00 0.1644860E-04 0.2021950E-02 0.3921860E+01
  16  72.00 0.6229240E-04 0.6229760E-02 0.5623950E+01
  16  74.00 0.2815390E-03 0.2576120E-01 0.9842330E+01
  16  76.00 0.5891490E-02 0.3075500E+00 0.1570480E+02
  16  78.00 0.1220140E+00 0.1438430E+01 0.2071950E+02
  16  80.00 0.6059370E+00 0.5855120E+01 0.2669020E+02
  16  82.00 0.5154030E+01 0.2116370E+02 0.2553660E+02
  16  84.00 0.1237240E+02 0.3753440E+02 0.2084200E+02
  16  86.00 0.3055290E+02 0.5720060E+02 0.1164180E+02
  16  88.00 0.4960650E+02 0.6289080E+02 0.5772770E+01
  16  90.00 0.6458510E+02 0.5953570E+02 0.2432990E+01
  16  92.00 0.7599470E+02 0.4563040E+02 0.9812100E+00
  16  94.00 0.8101540E+02 0.2999230E+02 0.3328460E+00
  16  96.00 0.7985290E+02 0.1647350E+02 0.8845840E-01
  16  98.00 0.7263770E+02 0.7947310E+01 0.2452080E-01
  16 100.00 0.6037600E+02 0.3854420E+01 0.5160150E-02
  16 102.00 0.4686350E+02 0.1894830E+01 0.1023840E-02
  16 104.00 0.3356850E+02 0.8325260E+00 0.2755020E-03
  16 106.00 0.2363980E+02 0.3446710E+00 0.5848250E-04
  16 108.00 0.1660700E+02 0.1444130E+00 0.1715630E-04
  16 110.00 0.1191800E+02 0.7353090E-01 0.6297330E-05
  16 112.00 0.8677080E+01 0.4017390E-01 0.2729810E-05
  16 114.00 0.6544630E+01 0.2444890E-01 0.1381710E-05
  16 116.00 0.5030880E+01 0.1562330E-01 0.7842640E-06
  16 118.00 0.3918010E+01 0.1000980E-01 0.4281930E-06
  16 120.00 0.3148010E+01 0.6990690E-02 0.2737700E-06
  17  60.00 0.1620740E-07 0.1747080E-04 0.7739890E+00
  17  62.00 0.4619770E-07 0.3425710E-04 0.9559920E+00
  17  64.00 0.2088690E-06 0.8909290E-04 0.1253750E+01
  17  66.00 0.6463870E-06 0.1921850E-03 0.1562810E+01
  17  68.00 0.1912140E-05 0.4572770E-03 0.2133820E+01
  17  70.00 0.1107170E-04 0.1666080E-02 0.3330390E+01
  17  72.00 0.4394290E-04 0.4953090E-02 0.4843220E+01
  17  74.00 0.2122010E-03 0.2043950E-01 0.8908300E+01
  17  76.00 0.5678440E-02 0.2866680E+00 0.1511740E+02
  17  78.00 0.1267260E+00 0.1379920E+01 0.2066120E+02
  17  80.00 0.6149900E+00 0.5946060E+01 0.2687670E+02
  17  82.00 0.5144140E+01 0.2116490E+02 0.2572520E+02
  17  84.00 0.1228090E+02 0.3772850E+02 0.2094340E+02
  17  86.00 0.3041210E+02 0.5733720E+02 0.1178310E+02
  17  88.00 0.4927800E+02 0.6331390E+02 0.5869860E+01
  17  90.00 0.6411460E+02 0.6001500E+02 0.2486090E+01
  17  92.00 0.7513200E+02 0.4601970E+02 0.1007660E+01
  17  94.00 0.7971940E+02 0.3054540E+02 0.3461630E+00
  17  96.00 0.7898190E+02 0.1718500E+02 0.9399240E-01
  17  98.00 0.7212160E+02 0.8652210E+01 0.2644570E-01
  17 100.00 0.6014340E+02 0.4401910E+01 0.5841070E-02
  17 102.00 0.4675060E+02 0.2232860E+01 0.1207540E-02
  17 104.00 0.3356440E+02 0.9660260E+00 0.3265480E-03
  17 106.00 0.2366920E+02 0.3886390E+00 0.6770380E-04
  17 108.00 0.1663600E+02 0.1550370E+00 0.1848790E-04
  17 110.00 0.1190640E+02 0.7705510E-01 0.6610260E-05
  17 112.00 0.8637140E+01 0.4100800E-01 0.2697220E-05
  17 114.00 0.6505700E+01 0.2505440E-01 0.1378580E-05
  17 116.00 0.4980600E+01 0.1602880E-01 0.7717520E-06
  17 118.00 0.3870650E+01 0.1039870E-01 0.4258260E-06
  17 120.00 0.3101100E+01 0.7296340E-02 0.2733400E-06
  18  60.00 0.1386540E-07 0.1428420E-04 0.6416170E+00
  18  62.00 0.3791990E-07 0.2777000E-04 0.7809180E+00
  18  64.00 0.1538540E-06 0.7077810E-04 0.1010570E+01
  18  66.00 0.4487180E-06 0.1513450E-03 0.1254030E+01
  18  68.00 0.1281040E-05 0.3608320E-03 0.1712640E+01
  18  70.00 0.6772940E-05 0.1282700E-02 0.2660750E+01
  18  72.00 0.2670300E-04 0.3675480E-02 0.3908040E+01
  18  74.00 0.1286280E-03 0.1477030E-01 0.7498640E+01
  18  76.00 0.5002260E-02 0.2517350E+00 0.1409910E+02
  18  78.00 0.1183880E+00 0.1270370E+01 0.2030720E+02
  18  80.00 0.5865670E+00 0.5785330E+01 0.2687010E+02
  18  82.00 0.5147890E+01 0.2106800E+02 0.2580840E+02
  18  84.00 0.1236070E+02 0.3768860E+02 0.2102720E+02
  18  86.00 0.3037040E+02 0.5737440E+02 0.1187860E+02
  18  88.00 0.4898920E+02 0.6357620E+02 0.5949240E+01
  18  90.00 0.6351240E+02 0.6048090E+02 0.2520050E+01
  18  92.00 0.7429670E+02 0.4631560E+02 0.1020310E+01
  18  94.00 0.7860820E+02 0.3085980E+02 0.3527000E+00
  18  96.00 0.7793400E+02 0.1769660E+02 0.9647720E-01
  18  98.00 0.7112270E+02 0.9343000E+01 0.2758710E-01
  18 100.00 0.5905780E+02 0.5085180E+01 0.6536990E-02
  18 102.00 0.4577940E+02 0.2737790E+01 0.1431660E-02
  18 104.00 0.3303330E+02 0.1188060E+01 0.3808930E-03
  18 106.00 0.2334470E+02 0.4776320E+00 0.7771630E-04
  18 108.00 0.1642940E+02 0.1811100E+00 0.1975620E-04
  18 110.00 0.1174650E+02 0.8816930E-01 0.7206770E-05
  18 112.00 0.8502200E+01 0.4445330E-01 0.2770200E-05
  18 114.00 0.6387840E+01 0.2701210E-01 0.1441410E-05
  18 116.00 0.4866590E+01 0.1706450E-01 0.7908800E-06
  18 118.00 0.3783170E+01 0.1115910E-01 0.4446150E-06
  18 120.00 0.3023680E+01 0.7888380E-02 0.2861110E-06
  19  60.00 0.9294760E-08 0.9150350E-05 0.4179070E+00
  19  62.00 0.2553050E-07 0.1853360E-04 0.5295420E+00
  19  64.00 0.9943940E-07 0.4803860E-04 0.6967000E+00
  19  66.00 0.2884150E-06 0.1044460E-03 0.8754440E+00
  19  68.00 0.8088880E-06 0.2498300E-03 0.1210400E+01
  19  70.00 0.4017920E-05 0.8785510E-03 0.1901180E+01
  19  72.00 0.1513200E-04 0.2478300E-02 0.2860080E+01
  19  74.00 0.6691120E-04 0.9413810E-02 0.5600020E+01
  19  76.00 0.4640410E-02 0.2127160E+00 0.1271490E+02
  19  78.00 0.1134150E+00 0.1177870E+01 0.1975970E+02
  19  80.00 0.5844000E+00 0.5484910E+01 0.2673390E+02
  19  82.00 0.5215560E+01 0.2091060E+02 0.2577000E+02
  19  84.00 0.1255400E+02 0.3745270E+02 0.2100910E+02
  19  86.00 0.3002720E+02 0.5711890E+02 0.1192560E+02
  19  88.00 0.4846070E+02 0.6356660E+02 0.6000840E+01
  19  90.00 0.6240400E+02 0.6058550E+02 0.2533730E+01
  19  92.00 0.7321590E+02 0.4639090E+02 0.1016810E+01
  19  94.00 0.7741810E+02 0.3092430E+02 0.3509410E+00
  19  96.00 0.7633180E+02 0.1804900E+02 0.9572720E-01
  19  98.00 0.6929360E+02 0.9909220E+01 0.2790390E-01
  19 100.00 0.5720180E+02 0.5722470E+01 0.7113620E-02
  19 102.00 0.4412640E+02 0.3220890E+01 0.1625130E-02
  19 104.00 0.3195300E+02 0.1423280E+01 0.4225960E-03
  19 106.00 0.2261910E+02 0.5887010E+00 0.9073220E-04
  19 108.00 0.1594530E+02 0.2191520E+00 0.2127670E-04
  19 110.00 0.1138940E+02 0.1069800E+00 0.8135400E-05
  19 112.00 0.8237320E+01 0.5154770E-01 0.2991100E-05
  19 114.00 0.6191750E+01 0.3123020E-01 0.1597820E-05
  19 116.00 0.4710200E+01 0.1925670E-01 0.8612050E-06
  19 118.00 0.3673860E+01 0.1256920E-01 0.4898180E-06
  19 120.00 0.2938400E+01 0.8928990E-02 0.3170260E-06
  20  60.00 0.6150540E-09 0.7709290E-06 0.1267170E+00
  20  62.00 0.2164740E-08 0.2036230E-05 0.2076670E+00
  20  64.00 0.1140590E-07 0.6853270E-05 0.4170310E+00
  20  66.00 0.4433730E-07 0.1583230E-04 0.7335680E+00
  20  68.00 0.1526340E-06 0.4935150E-04 0.1296550E+01
  20  70.00 0.1134980E-05 0.1814000E-03 0.2510030E+01
  20  72.00 0.5672500E-05 0.4384390E-03 0.3976650E+01
  20  74.00 0.2691480E-04 0.1987500E-02 0.7152210E+01
  20  76.00 0.2492940E-02 0.5860390E-01 0.1504540E+02
  20  78.00 0.1041960E+00 0.5497770E+00 0.2300210E+02
  20  80.00 0.5417420E+00 0.2600220E+01 0.3238690E+02
  20  82.00 0.5272440E+01 0.1281260E+02 0.3621710E+02
  20  84.00 0.1288680E+02 0.2456800E+02 0.3549420E+02
  20  86.00 0.3003510E+02 0.4377860E+02 0.2612070E+02
  20  88.00 0.4820870E+02 0.5323990E+02 0.1670340E+02
  20  90.00 0.6182150E+02 0.5457850E+02 0.8611920E+01
  20  92.00 0.7236790E+02 0.4367370E+02 0.3841970E+01
  20  94.00 0.7611060E+02 0.2997660E+02 0.1464540E+01
  20  96.00 0.7448140E+02 0.1815140E+02 0.4309860E+00
  20  98.00 0.6726840E+02 0.1042950E+02 0.1329010E+00
  20 100.00 0.5537520E+02 0.6316870E+01 0.3521410E-01
  20 102.00 0.4262960E+02 0.3660060E+01 0.8162280E-02
  20 104.00 0.3089690E+02 0.1646780E+01 0.2176590E-02
  20 106.00 0.2186160E+02 0.6979690E+00 0.4609230E-03
  20 108.00 0.1542530E+02 0.2623730E+00 0.1091990E-03
  20 110.00 0.1104880E+02 0.1287950E+00 0.4123440E-04
  20 112.00 0.8019000E+01 0.6151960E-01 0.1589400E-04
  20 114.00 0.6045640E+01 0.3714550E-01 0.8413410E-05
  20 116.00 0.4611470E+01 0.2270740E-01 0.4533230E-05
  20 118.00 0.3607820E+01 0.1483890E-01 0.2570560E-05
  20 120.00 0.2896400E+01 0.1059880E-01 0.1678250E-05
  21  60.00 0.1128820E-10 0.2614930E-09 0.1367560E+00
  21  62.00 0.5251920E-10 0.8660610E-09 0.2333330E+00
  21  64.00 0.6474760E-09 0.3771030E-08 0.5134810E+00
  21  66.00 0.6945010E-08 0.1122600E-07 0.9793300E+00
  21  68.00 0.2988420E-07 0.3080270E-07 0.1927650E+01
  21  70.00 0.4613560E-06 0.1680180E-06 0.4036180E+01
  21  72.00 0.3378580E-05 0.5975000E-06 0.6461030E+01
  21  74.00 0.1704280E-04 0.3171480E-05 0.1143160E+02
  21  76.00 0.1658300E-02 0.1260490E-03 0.1961230E+02
  21  78.00 0.8413100E-01 0.7636080E-02 0.2743800E+02
  21  80.00 0.4831460E+00 0.5908710E-01 0.3823700E+02
  21  82.00 0.5112340E+01 0.1184420E+01 0.5034920E+02
  21  84.00 0.1252880E+02 0.4295770E+01 0.5738990E+02
  21  86.00 0.2908530E+02 0.1467820E+02 0.5549290E+02
  21  88.00 0.4657360E+02 0.2750940E+02 0.4215880E+02
  21  90.00 0.5997630E+02 0.3670530E+02 0.2621240E+02
  21  92.00 0.7055070E+02 0.3546920E+02 0.1243360E+02
  21  94.00 0.7427820E+02 0.2701320E+02 0.5070690E+01
  21  96.00 0.7248630E+02 0.1777550E+02 0.1582660E+01
  21  98.00 0.6542000E+02 0.1088840E+02 0.5096440E+00
  21 100.00 0.5382690E+02 0.6931180E+01 0.1511460E+00
  21 102.00 0.4144070E+02 0.4134420E+01 0.3947090E-01
  21 104.00 0.3003070E+02 0.1892330E+01 0.1105540E-01
  21 106.00 0.2123800E+02 0.8181430E+00 0.2915220E-02
  21 108.00 0.1499970E+02 0.3129740E+00 0.7161630E-03
  21 110.00 0.1076350E+02 0.1559510E+00 0.2844690E-03
  21 112.00 0.7828630E+01 0.7437200E-01 0.9477980E-04
  21 114.00 0.5914520E+01 0.4488200E-01 0.4828230E-04
  21 116.00 0.4519930E+01 0.2706000E-01 0.2321650E-04
  21 118.00 0.3547290E+01 0.1763250E-01 0.1214500E-04
  21 120.00 0.2857150E+01 0.1260100E-01 0.7709750E-05
  22  60.00 0.1160370E-11 0.2395710E-09 0.1408680E+00
  22  62.00 0.5276080E-11 0.7669880E-09 0.2398350E+00
  22  64.00 0.7633880E-10 0.3278590E-08 0.5322360E+00
  22  66.00 0.1578850E-08 0.1023770E-07 0.1022070E+01
  22  68.00 0.8725980E-08 0.2794350E-07 0.2014320E+01
  22  70.00 0.1811690E-06 0.1610810E-06 0.4290210E+01
  22  72.00 0.2331680E-05 0.5931340E-06 0.6913880E+01
  22  74.00 0.1189300E-04 0.2854120E-05 0.1221600E+02
  22  76.00 0.1179340E-02 0.6195610E-04 0.2009880E+02
  22  78.00 0.8479090E-01 0.1320820E-02 0.2744030E+02
  22  80.00 0.4697440E+00 0.1196650E-01 0.3739460E+02
  22  82.00 0.4942970E+01 0.1727860E+00 0.5010140E+02
  22  84.00 0.1220940E+02 0.1373160E+01 0.5852600E+02
  22  86.00 0.2758450E+02 0.5399790E+01 0.6264960E+02
  22  88.00 0.4475320E+02 0.1564980E+02 0.5203580E+02
  22  90.00 0.5785030E+02 0.2438630E+02 0.3666020E+02
  22  92.00 0.6821650E+02 0.2867690E+02 0.1867490E+02
  22  94.00 0.7198520E+02 0.2375830E+02 0.8206740E+01
  22  96.00 0.6990180E+02 0.1696820E+02 0.2800400E+01
  22  98.00 0.6310840E+02 0.1099940E+02 0.9355220E+00
  22 100.00 0.5170490E+02 0.7291470E+01 0.3075050E+00
  22 102.00 0.3954680E+02 0.4357460E+01 0.8961470E-01
  22 104.00 0.2854590E+02 0.2004610E+01 0.2640320E-01
  22 106.00 0.2011830E+02 0.8836670E+00 0.8448580E-02
  22 108.00 0.1421820E+02 0.3497000E+00 0.2386280E-02
  22 110.00 0.1023700E+02 0.1761530E+00 0.9778090E-03
  22 112.00 0.7482450E+01 0.8463670E-01 0.3094060E-03
  22 114.00 0.5693520E+01 0.5149290E-01 0.1540080E-03
  22 116.00 0.4382020E+01 0.3108640E-01 0.6780050E-04
  22 118.00 0.3461130E+01 0.2019930E-01 0.3199090E-04
  22 120.00 0.2812000E+01 0.1459990E-01 0.1994940E-04
  23  60.00 0.6315870E-12 0.2301100E-09 0.1436510E+00
  23  62.00 0.2484030E-11 0.7065570E-09 0.2443170E+00
  23  64.00 0.2651520E-10 0.2994570E-08 0.5471120E+00
  23  66.00 0.5973610E-09 0.1003440E-07 0.1067750E+01
  23  68.00 0.4755560E-08 0.2736010E-07 0.2065010E+01
  23  70.00 0.9321740E-07 0.1659280E-06 0.4402730E+01
  23  72.00 0.2012380E-05 0.6508120E-06 0.7118810E+01
  23  74.00 0.1137810E-04 0.3050110E-05 0.1249830E+02
  23  76.00 0.9559970E-03 0.5217090E-04 0.2036870E+02
  23  78.00 0.9444180E-01 0.1328650E-02 0.2758460E+02
  23  80.00 0.4926000E+00 0.8207970E-02 0.3700480E+02
  23  82.00 0.4889420E+01 0.8016780E-01 0.4941710E+02
  23  84.00 0.1222980E+02 0.7132470E+00 0.5789460E+02
  23  86.00 0.2677730E+02 0.2560040E+01 0.6366400E+02
  23  88.00 0.4367820E+02 0.1015650E+02 0.5560470E+02
  23  90.00 0.5665230E+02 0.1731450E+02 0.4189520E+02
  23  92.00 0.6679980E+02 0.2372420E+02 0.2277160E+02
  23  94.00 0.7063270E+02 0.2116570E+02 0.1052750E+02
  23  96.00 0.6838060E+02 0.1621610E+02 0.3863940E+01
  23  98.00 0.6165170E+02 0.1112890E+02 0.1336600E+01
  23 100.00 0.5005630E+02 0.7615760E+01 0.4718700E+00
  23 102.00 0.3801140E+02 0.4562010E+01 0.1509720E+00
  23 104.00 0.2737440E+02 0.2106880E+01 0.4740350E-01
  23 106.00 0.1932970E+02 0.9419720E+00 0.1684500E-01
  23 108.00 0.1372230E+02 0.3834660E+00 0.5301790E-02
  23 110.00 0.9931460E+01 0.1973040E+00 0.2270550E-02
  23 112.00 0.7303600E+01 0.9694050E-01 0.7747320E-03
  23 114.00 0.5597470E+01 0.5952140E-01 0.3861530E-03
  23 116.00 0.4336840E+01 0.3659300E-01 0.1756000E-03
  23 118.00 0.3439160E+01 0.2372420E-01 0.7808830E-04
  23 120.00 0.2811060E+01 0.1728980E-01 0.4874140E-04
  24  60.00 0.5086520E-12 0.2246960E-09 0.1472440E+00
  24  62.00 0.1839930E-11 0.6615160E-09 0.2493530E+00
  24  64.00 0.1657940E-10 0.2795530E-08 0.5647840E+00
  24  66.00 0.3260980E-09 0.1013400E-07 0.1119580E+01
  24  68.00 0.3718830E-08 0.2741600E-07 0.2121430E+01
  24  70.00 0.5774320E-07 0.1729480E-06 0.4507290E+01
  24  72.00 0.1751410E-05 0.7104710E-06 0.7342570E+01
  24  74.00 0.1135490E-04 0.3170460E-05 0.1280980E+02
  24  76.00 0.9892120E-03 0.5425310E-04 0.2086790E+02
  24  78.00 0.9566320E-01 0.1356270E-02 0.2807740E+02
  24  80.00 0.5095790E+00 0.7594630E-02 0.3725710E+02
  24  82.00 0.4885260E+01 0.6763740E-01 0.4939000E+02
  24  84.00 0.1228270E+02 0.4620430E+00 0.5757510E+02
  24  86.00 0.2670470E+02 0.1537020E+01 0.6346530E+02
  24  88.00 0.4347030E+02 0.7200630E+01 0.5708190E+02
  24  90.00 0.5642820E+02 0.1313010E+02 0.4471690E+02
  24  92.00 0.6640660E+02 0.2003650E+02 0.2561220E+02
  24  94.00 0.7035360E+02 0.1921890E+02 0.1233060E+02
  24  96.00 0.6790350E+02 0.1563380E+02 0.4767920E+01
  24  98.00 0.6058430E+02 0.1131480E+02 0.1736640E+01
  24 100.00 0.4888160E+02 0.7939070E+01 0.6446910E+00
  24 102.00 0.3712450E+02 0.4819330E+01 0.2198250E+00
  24 104.00 0.2685160E+02 0.2246260E+01 0.7466970E-01
  24 106.00 0.1907690E+02 0.1024990E+01 0.2872380E-01
  24 108.00 0.1363570E+02 0.4351380E+00 0.1022130E-01
  24 110.00 0.9943480E+01 0.2297950E+00 0.4620730E-02
  24 112.00 0.7353790E+01 0.1169760E+00 0.1720550E-02
  24 114.00 0.5652380E+01 0.7196350E-01 0.8693130E-03
  24 116.00 0.4396160E+01 0.4481300E-01 0.4185020E-03
  24 118.00 0.3485990E+01 0.2886940E-01 0.1870700E-03
  24 120.00 0.2851970E+01 0.2101280E-01 0.1165220E-03
