Figure 11: Seasonal/latitudinal variations of the column abundances of AlO, AlOH and Al+ 
(units: 10^7 cm-2 ), averaged over 2004-2014
 Month, Latitude, Al+,AlO,AlOH (10^7 cm-2)
   1 -90.00 0.3120980E+02 0.3272170E+01 0.1474390E+01
   1 -88.11 0.3126440E+02 0.3254150E+01 0.1487430E+01
   1 -86.21 0.3141910E+02 0.3219170E+01 0.1518830E+01
   1 -84.32 0.3167620E+02 0.3213440E+01 0.1559060E+01
   1 -82.42 0.3204410E+02 0.3245160E+01 0.1605960E+01
   1 -80.53 0.3250230E+02 0.3307190E+01 0.1659650E+01
   1 -78.63 0.3304940E+02 0.3393050E+01 0.1721210E+01
   1 -76.74 0.3366850E+02 0.3492950E+01 0.1797920E+01
   1 -74.84 0.3435560E+02 0.3600150E+01 0.1887400E+01
   1 -72.95 0.3507660E+02 0.3712190E+01 0.1990480E+01
   1 -71.05 0.3581900E+02 0.3831080E+01 0.2098600E+01
   1 -69.16 0.3653220E+02 0.3951180E+01 0.2208370E+01
   1 -67.26 0.3719840E+02 0.4074540E+01 0.2311900E+01
   1 -65.37 0.3781980E+02 0.4207760E+01 0.2413280E+01
   1 -63.47 0.3831460E+02 0.4289120E+01 0.2580080E+01
   1 -61.58 0.3868620E+02 0.4331950E+01 0.2801260E+01
   1 -59.68 0.3890300E+02 0.4314370E+01 0.3087750E+01
   1 -57.79 0.3893580E+02 0.4306060E+01 0.3350770E+01
   1 -55.89 0.3878660E+02 0.4316230E+01 0.3579330E+01
   1 -54.00 0.3842470E+02 0.4336590E+01 0.3786360E+01
   1 -52.11 0.3791400E+02 0.4357180E+01 0.3977090E+01
   1 -50.21 0.3732440E+02 0.4380610E+01 0.4147570E+01
   1 -48.32 0.3669490E+02 0.4402410E+01 0.4303220E+01
   1 -46.42 0.3606370E+02 0.4431410E+01 0.4433550E+01
   1 -44.53 0.3544460E+02 0.4472310E+01 0.4543120E+01
   1 -42.63 0.3483910E+02 0.4523090E+01 0.4631490E+01
   1 -40.74 0.3424700E+02 0.4580750E+01 0.4704900E+01
   1 -38.84 0.3366310E+02 0.4641930E+01 0.4765800E+01
   1 -36.95 0.3306960E+02 0.4692770E+01 0.4827130E+01
   1 -35.05 0.3246330E+02 0.4731870E+01 0.4884170E+01
   1 -33.16 0.3184890E+02 0.4764450E+01 0.4918870E+01
   1 -31.26 0.3123240E+02 0.4778270E+01 0.4951650E+01
   1 -29.37 0.3062760E+02 0.4776270E+01 0.4975060E+01
   1 -27.47 0.3003660E+02 0.4760950E+01 0.4992080E+01
   1 -25.58 0.2946350E+02 0.4732800E+01 0.5000680E+01
   1 -23.68 0.2890590E+02 0.4686530E+01 0.5009900E+01
   1 -21.79 0.2835530E+02 0.4638040E+01 0.4999340E+01
   1 -19.89 0.2781300E+02 0.4568570E+01 0.5002690E+01
   1 -18.00 0.2727790E+02 0.4505820E+01 0.4979060E+01
   1 -16.11 0.2675360E+02 0.4433280E+01 0.4969700E+01
   1 -14.21 0.2622520E+02 0.4371360E+01 0.4943430E+01
   1 -12.32 0.2568720E+02 0.4306690E+01 0.4931340E+01
   1 -10.42 0.2514270E+02 0.4235450E+01 0.4942240E+01
   1  -8.53 0.2458610E+02 0.4197180E+01 0.4914190E+01
   1  -6.63 0.2401760E+02 0.4148360E+01 0.4924090E+01
   1  -4.74 0.2344600E+02 0.4092890E+01 0.4963840E+01
   1  -2.84 0.2287400E+02 0.4079730E+01 0.4957610E+01
   1  -0.95 0.2231680E+02 0.4079820E+01 0.4957180E+01
   1   0.95 0.2178410E+02 0.4037880E+01 0.5044150E+01
   1   2.84 0.2127880E+02 0.4058290E+01 0.5052610E+01
   1   4.74 0.2080460E+02 0.4096840E+01 0.5061660E+01
   1   6.63 0.2035420E+02 0.4124550E+01 0.5115890E+01
   1   8.53 0.1992430E+02 0.4172430E+01 0.5165140E+01
   1  10.42 0.1950510E+02 0.4259280E+01 0.5176720E+01
   1  12.32 0.1908740E+02 0.4352160E+01 0.5197660E+01
   1  14.21 0.1866370E+02 0.4424810E+01 0.5268450E+01
   1  16.11 0.1822780E+02 0.4517880E+01 0.5321250E+01
   1  18.00 0.1777900E+02 0.4625280E+01 0.5363900E+01
   1  19.89 0.1731290E+02 0.4699330E+01 0.5463980E+01
   1  21.79 0.1683140E+02 0.4776640E+01 0.5561620E+01
   1  23.68 0.1633420E+02 0.4849710E+01 0.5666550E+01
   1  25.58 0.1583050E+02 0.4902400E+01 0.5805360E+01
   1  27.47 0.1533280E+02 0.4962970E+01 0.5936140E+01
   1  29.37 0.1486920E+02 0.5025670E+01 0.6069070E+01
   1  31.26 0.1443200E+02 0.5068130E+01 0.6236660E+01
   1  33.16 0.1401940E+02 0.5123940E+01 0.6380600E+01
   1  35.05 0.1363340E+02 0.5168010E+01 0.6534410E+01
   1  36.95 0.1328170E+02 0.5201810E+01 0.6697390E+01
   1  38.84 0.1298170E+02 0.5246150E+01 0.6849240E+01
   1  40.74 0.1272600E+02 0.5276980E+01 0.7022300E+01
   1  42.63 0.1250210E+02 0.5318010E+01 0.7178980E+01
   1  44.53 0.1230100E+02 0.5338410E+01 0.7352100E+01
   1  46.42 0.1211800E+02 0.5362970E+01 0.7490720E+01
   1  48.32 0.1195820E+02 0.5364230E+01 0.7633430E+01
   1  50.21 0.1182810E+02 0.5363090E+01 0.7750600E+01
   1  52.11 0.1171550E+02 0.5345040E+01 0.7852720E+01
   1  54.00 0.1161990E+02 0.5304710E+01 0.7943150E+01
   1  55.89 0.1154820E+02 0.5249740E+01 0.8011530E+01
   1  57.79 0.1149920E+02 0.5171900E+01 0.8071430E+01
   1  59.68 0.1146740E+02 0.5073500E+01 0.8119390E+01
   1  61.58 0.1145440E+02 0.4954740E+01 0.8170310E+01
   1  63.47 0.1145160E+02 0.4819130E+01 0.8224500E+01
   1  65.37 0.1145850E+02 0.4664860E+01 0.8280490E+01
   1  67.26 0.1148170E+02 0.4474890E+01 0.8353500E+01
   1  69.16 0.1151780E+02 0.4247750E+01 0.8461830E+01
   1  71.05 0.1155660E+02 0.3987230E+01 0.8634120E+01
   1  72.95 0.1157270E+02 0.3674550E+01 0.8943990E+01
   1  74.84 0.1154130E+02 0.3177870E+01 0.9622950E+01
   1  76.74 0.1147850E+02 0.2761880E+01 0.1026970E+02
   1  78.63 0.1140900E+02 0.2466280E+01 0.1076540E+02
   1  80.53 0.1136140E+02 0.2341360E+01 0.1099120E+02
   1  82.42 0.1132980E+02 0.2301390E+01 0.1107970E+02
   1  84.32 0.1130920E+02 0.2284860E+01 0.1113900E+02
   1  86.21 0.1130400E+02 0.2279590E+01 0.1117210E+02
   1  88.11 0.1130570E+02 0.2278990E+01 0.1119140E+02
   1  90.00 0.1129850E+02 0.2278390E+01 0.1119310E+02
   2 -90.00 0.3712250E+02 0.9668130E+01 0.2404260E+01
   2 -88.11 0.3712970E+02 0.9621870E+01 0.2421850E+01
   2 -86.21 0.3712320E+02 0.9503920E+01 0.2468790E+01
   2 -84.32 0.3711400E+02 0.9407880E+01 0.2521820E+01
   2 -82.42 0.3705180E+02 0.9334090E+01 0.2586880E+01
   2 -80.53 0.3692220E+02 0.9272740E+01 0.2665840E+01
   2 -78.63 0.3672350E+02 0.9212430E+01 0.2752600E+01
   2 -76.74 0.3646060E+02 0.9134610E+01 0.2844940E+01
   2 -74.84 0.3613380E+02 0.9032000E+01 0.2936860E+01
   2 -72.95 0.3569560E+02 0.8779660E+01 0.3149430E+01
   2 -71.05 0.3526360E+02 0.8428960E+01 0.3438400E+01
   2 -69.16 0.3484330E+02 0.8018450E+01 0.3764850E+01
   2 -67.26 0.3442850E+02 0.7583510E+01 0.4101850E+01
   2 -65.37 0.3407170E+02 0.7166720E+01 0.4427560E+01
   2 -63.47 0.3374150E+02 0.6822460E+01 0.4677230E+01
   2 -61.58 0.3349170E+02 0.6550950E+01 0.4862030E+01
   2 -59.68 0.3326940E+02 0.6324780E+01 0.4997300E+01
   2 -57.79 0.3303760E+02 0.6133140E+01 0.5092320E+01
   2 -55.89 0.3275930E+02 0.5969170E+01 0.5159150E+01
   2 -54.00 0.3242840E+02 0.5830480E+01 0.5204640E+01
   2 -52.11 0.3205820E+02 0.5712090E+01 0.5226100E+01
   2 -50.21 0.3166990E+02 0.5606650E+01 0.5233490E+01
   2 -48.32 0.3126990E+02 0.5517350E+01 0.5223200E+01
   2 -46.42 0.3086790E+02 0.5442170E+01 0.5208060E+01
   2 -44.53 0.3048250E+02 0.5389010E+01 0.5186160E+01
   2 -42.63 0.3009640E+02 0.5351150E+01 0.5165630E+01
   2 -40.74 0.2970420E+02 0.5323280E+01 0.5146670E+01
   2 -38.84 0.2929300E+02 0.5297640E+01 0.5135250E+01
   2 -36.95 0.2885260E+02 0.5273080E+01 0.5123650E+01
   2 -35.05 0.2839560E+02 0.5239390E+01 0.5122660E+01
   2 -33.16 0.2792710E+02 0.5199470E+01 0.5119240E+01
   2 -31.26 0.2745100E+02 0.5148920E+01 0.5117100E+01
   2 -29.37 0.2696850E+02 0.5093040E+01 0.5103620E+01
   2 -27.47 0.2649550E+02 0.5022520E+01 0.5096330E+01
   2 -25.58 0.2604240E+02 0.4943600E+01 0.5084990E+01
   2 -23.68 0.2561390E+02 0.4860460E+01 0.5069200E+01
   2 -21.79 0.2520990E+02 0.4769890E+01 0.5055680E+01
   2 -19.89 0.2483630E+02 0.4681410E+01 0.5032320E+01
   2 -18.00 0.2449190E+02 0.4593790E+01 0.5005280E+01
   2 -16.11 0.2417410E+02 0.4501560E+01 0.4990700E+01
   2 -14.21 0.2386260E+02 0.4412140E+01 0.4979500E+01
   2 -12.32 0.2354340E+02 0.4333160E+01 0.4963330E+01
   2 -10.42 0.2321440E+02 0.4258540E+01 0.4956110E+01
   2  -8.53 0.2287160E+02 0.4184990E+01 0.4959730E+01
   2  -6.63 0.2250350E+02 0.4131080E+01 0.4949310E+01
   2  -4.74 0.2210400E+02 0.4091020E+01 0.4936960E+01
   2  -2.84 0.2168260E+02 0.4063970E+01 0.4933840E+01
   2  -0.95 0.2123350E+02 0.4011960E+01 0.4988200E+01
   2   0.95 0.2076370E+02 0.3987870E+01 0.5016710E+01
   2   2.84 0.2027890E+02 0.3991780E+01 0.5017420E+01
   2   4.74 0.1978900E+02 0.4009100E+01 0.5016600E+01
   2   6.63 0.1930110E+02 0.4037490E+01 0.5016410E+01
   2   8.53 0.1881700E+02 0.4062840E+01 0.5039760E+01
   2  10.42 0.1833510E+02 0.4095710E+01 0.5069390E+01
   2  12.32 0.1784930E+02 0.4141780E+01 0.5092760E+01
   2  14.21 0.1735220E+02 0.4194360E+01 0.5116430E+01
   2  16.11 0.1683860E+02 0.4245760E+01 0.5146310E+01
   2  18.00 0.1631080E+02 0.4287990E+01 0.5194140E+01
   2  19.89 0.1576880E+02 0.4328090E+01 0.5245590E+01
   2  21.79 0.1521880E+02 0.4361910E+01 0.5303710E+01
   2  23.68 0.1467560E+02 0.4391120E+01 0.5368800E+01
   2  25.58 0.1416090E+02 0.4410030E+01 0.5452060E+01
   2  27.47 0.1367370E+02 0.4427060E+01 0.5543460E+01
   2  29.37 0.1321050E+02 0.4446410E+01 0.5640080E+01
   2  31.26 0.1277230E+02 0.4466540E+01 0.5742510E+01
   2  33.16 0.1236750E+02 0.4480670E+01 0.5857670E+01
   2  35.05 0.1199460E+02 0.4493860E+01 0.5976190E+01
   2  36.95 0.1165260E+02 0.4510290E+01 0.6099600E+01
   2  38.84 0.1135740E+02 0.4534510E+01 0.6230310E+01
   2  40.74 0.1111890E+02 0.4565410E+01 0.6372510E+01
   2  42.63 0.1093150E+02 0.4608540E+01 0.6513460E+01
   2  44.53 0.1078930E+02 0.4660450E+01 0.6653070E+01
   2  46.42 0.1067910E+02 0.4712390E+01 0.6792870E+01
   2  48.32 0.1059000E+02 0.4765160E+01 0.6923040E+01
   2  50.21 0.1051170E+02 0.4815310E+01 0.7042290E+01
   2  52.11 0.1044170E+02 0.4851370E+01 0.7147910E+01
   2  54.00 0.1038410E+02 0.4877480E+01 0.7228850E+01
   2  55.89 0.1034490E+02 0.4889710E+01 0.7297180E+01
   2  57.79 0.1032850E+02 0.4891690E+01 0.7345690E+01
   2  59.68 0.1032390E+02 0.4875890E+01 0.7382270E+01
   2  61.58 0.1032740E+02 0.4854390E+01 0.7404200E+01
   2  63.47 0.1033300E+02 0.4825650E+01 0.7415020E+01
   2  65.37 0.1035380E+02 0.4785180E+01 0.7417890E+01
   2  67.26 0.1039450E+02 0.4724800E+01 0.7418590E+01
   2  69.16 0.1045500E+02 0.4641170E+01 0.7418460E+01
   2  71.05 0.1052320E+02 0.4542830E+01 0.7426990E+01
   2  72.95 0.1057880E+02 0.4449380E+01 0.7453130E+01
   2  74.84 0.1059620E+02 0.4374580E+01 0.7505990E+01
   2  76.74 0.1056290E+02 0.4301490E+01 0.7618210E+01
   2  78.63 0.1050810E+02 0.4170020E+01 0.7826180E+01
   2  80.53 0.1046300E+02 0.3867390E+01 0.8272480E+01
   2  82.42 0.1042550E+02 0.3490350E+01 0.8817400E+01
   2  84.32 0.1040930E+02 0.3113190E+01 0.9371630E+01
   2  86.21 0.1040540E+02 0.2763080E+01 0.9883530E+01
   2  88.11 0.1041080E+02 0.2452440E+01 0.1034670E+02
   2  90.00 0.1041150E+02 0.2344010E+01 0.1050410E+02
   3 -90.00 0.2094720E+02 0.1236240E+02 0.3343770E+01
   3 -88.11 0.2094040E+02 0.1226860E+02 0.3342590E+01
   3 -86.21 0.2087980E+02 0.1197810E+02 0.3427190E+01
   3 -84.32 0.2077800E+02 0.1152280E+02 0.3752290E+01
   3 -82.42 0.2055360E+02 0.1102800E+02 0.4135580E+01
   3 -80.53 0.2022170E+02 0.1054460E+02 0.4530680E+01
   3 -78.63 0.1980660E+02 0.1005130E+02 0.4921530E+01
   3 -76.74 0.1933790E+02 0.9520690E+01 0.5317960E+01
   3 -74.84 0.1886480E+02 0.8965430E+01 0.5714220E+01
   3 -72.95 0.1837800E+02 0.8463410E+01 0.6017630E+01
   3 -71.05 0.1797370E+02 0.8042110E+01 0.6236030E+01
   3 -69.16 0.1765170E+02 0.7689470E+01 0.6401090E+01
   3 -67.26 0.1737090E+02 0.7375480E+01 0.6530130E+01
   3 -65.37 0.1713810E+02 0.7097670E+01 0.6632980E+01
   3 -63.47 0.1694890E+02 0.6853460E+01 0.6717410E+01
   3 -61.58 0.1683420E+02 0.6650260E+01 0.6789720E+01
   3 -59.68 0.1675270E+02 0.6470910E+01 0.6842980E+01
   3 -57.79 0.1668660E+02 0.6309720E+01 0.6872630E+01
   3 -55.89 0.1662680E+02 0.6171500E+01 0.6874430E+01
   3 -54.00 0.1658130E+02 0.6058930E+01 0.6850440E+01
   3 -52.11 0.1658110E+02 0.5962150E+01 0.6802500E+01
   3 -50.21 0.1665340E+02 0.5882490E+01 0.6726010E+01
   3 -48.32 0.1681580E+02 0.5812130E+01 0.6634910E+01
   3 -46.42 0.1706140E+02 0.5754970E+01 0.6524950E+01
   3 -44.53 0.1736600E+02 0.5702220E+01 0.6408580E+01
   3 -42.63 0.1772370E+02 0.5655010E+01 0.6286250E+01
   3 -40.74 0.1811310E+02 0.5614330E+01 0.6158080E+01
   3 -38.84 0.1852010E+02 0.5574900E+01 0.6033770E+01
   3 -36.95 0.1893890E+02 0.5532480E+01 0.5915150E+01
   3 -35.05 0.1933890E+02 0.5491220E+01 0.5797250E+01
   3 -33.16 0.1972180E+02 0.5449880E+01 0.5685940E+01
   3 -31.26 0.2008300E+02 0.5405360E+01 0.5581840E+01
   3 -29.37 0.2040360E+02 0.5354650E+01 0.5489470E+01
   3 -27.47 0.2068170E+02 0.5302200E+01 0.5406240E+01
   3 -25.58 0.2091900E+02 0.5247470E+01 0.5331270E+01
   3 -23.68 0.2111540E+02 0.5185840E+01 0.5268420E+01
   3 -21.79 0.2125770E+02 0.5116680E+01 0.5219440E+01
   3 -19.89 0.2135270E+02 0.5040800E+01 0.5185020E+01
   3 -18.00 0.2142990E+02 0.4963320E+01 0.5162280E+01
   3 -16.11 0.2149880E+02 0.4891760E+01 0.5145570E+01
   3 -14.21 0.2155400E+02 0.4824080E+01 0.5136430E+01
   3 -12.32 0.2160710E+02 0.4762690E+01 0.5135360E+01
   3 -10.42 0.2166130E+02 0.4707930E+01 0.5139540E+01
   3  -8.53 0.2170640E+02 0.4658280E+01 0.5146190E+01
   3  -6.63 0.2173350E+02 0.4612840E+01 0.5153190E+01
   3  -4.74 0.2172670E+02 0.4569990E+01 0.5159960E+01
   3  -2.84 0.2166540E+02 0.4526920E+01 0.5168530E+01
   3  -0.95 0.2151410E+02 0.4501170E+01 0.5155010E+01
   3   0.95 0.2125130E+02 0.4478660E+01 0.5139630E+01
   3   2.84 0.2089060E+02 0.4459840E+01 0.5121650E+01
   3   4.74 0.2046460E+02 0.4445590E+01 0.5099150E+01
   3   6.63 0.2000200E+02 0.4439280E+01 0.5067200E+01
   3   8.53 0.1951730E+02 0.4441400E+01 0.5027140E+01
   3  10.42 0.1901710E+02 0.4449790E+01 0.4986830E+01
   3  12.32 0.1850340E+02 0.4462990E+01 0.4948620E+01
   3  14.21 0.1797670E+02 0.4476100E+01 0.4914780E+01
   3  16.11 0.1743990E+02 0.4488330E+01 0.4888950E+01
   3  18.00 0.1689690E+02 0.4495480E+01 0.4876540E+01
   3  19.89 0.1635280E+02 0.4499480E+01 0.4874570E+01
   3  21.79 0.1580420E+02 0.4497540E+01 0.4884790E+01
   3  23.68 0.1527150E+02 0.4493110E+01 0.4908800E+01
   3  25.58 0.1477310E+02 0.4490640E+01 0.4946070E+01
   3  27.47 0.1430040E+02 0.4491000E+01 0.4992620E+01
   3  29.37 0.1384730E+02 0.4491590E+01 0.5045670E+01
   3  31.26 0.1339760E+02 0.4490000E+01 0.5107720E+01
   3  33.16 0.1295370E+02 0.4485860E+01 0.5177550E+01
   3  35.05 0.1251940E+02 0.4483070E+01 0.5255450E+01
   3  36.95 0.1210730E+02 0.4478550E+01 0.5342550E+01
   3  38.84 0.1174620E+02 0.4480610E+01 0.5439390E+01
   3  40.74 0.1144440E+02 0.4496430E+01 0.5537790E+01
   3  42.63 0.1119260E+02 0.4526680E+01 0.5639440E+01
   3  44.53 0.1097420E+02 0.4570320E+01 0.5742710E+01
   3  46.42 0.1078300E+02 0.4624050E+01 0.5842090E+01
   3  48.32 0.1061320E+02 0.4680900E+01 0.5930610E+01
   3  50.21 0.1046460E+02 0.4740730E+01 0.6006800E+01
   3  52.11 0.1033110E+02 0.4796990E+01 0.6071930E+01
   3  54.00 0.1021610E+02 0.4852190E+01 0.6122200E+01
   3  55.89 0.1011380E+02 0.4904220E+01 0.6158740E+01
   3  57.79 0.1002940E+02 0.4953940E+01 0.6185660E+01
   3  59.68 0.9959200E+01 0.5002600E+01 0.6197290E+01
   3  61.58 0.9899800E+01 0.5056320E+01 0.6201490E+01
   3  63.47 0.9849740E+01 0.5122680E+01 0.6193280E+01
   3  65.37 0.9814060E+01 0.5196790E+01 0.6173450E+01
   3  67.26 0.9805440E+01 0.5272110E+01 0.6138620E+01
   3  69.16 0.9820710E+01 0.5345490E+01 0.6087710E+01
   3  71.05 0.9862540E+01 0.5435170E+01 0.6016760E+01
   3  72.95 0.9911960E+01 0.5562660E+01 0.5921760E+01
   3  74.84 0.9933650E+01 0.5751630E+01 0.5797790E+01
   3  76.74 0.9919850E+01 0.6013600E+01 0.5630130E+01
   3  78.63 0.9899540E+01 0.6344070E+01 0.5379150E+01
   3  80.53 0.9900920E+01 0.6732590E+01 0.5010980E+01
   3  82.42 0.9925790E+01 0.7096450E+01 0.4627830E+01
   3  84.32 0.9969100E+01 0.7442280E+01 0.4240770E+01
   3  86.21 0.1000340E+02 0.7741500E+01 0.3851390E+01
   3  88.11 0.1003360E+02 0.8017230E+01 0.3476800E+01
   3  90.00 0.1005230E+02 0.8125770E+01 0.3334770E+01
   4 -90.00 0.1387850E+02 0.5976980E+01 0.1077180E+02
   4 -88.11 0.1388940E+02 0.5948690E+01 0.1072290E+02
   4 -86.21 0.1392830E+02 0.5992070E+01 0.1047090E+02
   4 -84.32 0.1397780E+02 0.6273880E+01 0.9907650E+01
   4 -82.42 0.1396810E+02 0.6651600E+01 0.9266850E+01
   4 -80.53 0.1391170E+02 0.6914210E+01 0.8891910E+01
   4 -78.63 0.1381780E+02 0.7070300E+01 0.8690670E+01
   4 -76.74 0.1371160E+02 0.7174520E+01 0.8547980E+01
   4 -74.84 0.1360810E+02 0.7237380E+01 0.8431030E+01
   4 -72.95 0.1349810E+02 0.7248820E+01 0.8326920E+01
   4 -71.05 0.1340590E+02 0.7224760E+01 0.8233350E+01
   4 -69.16 0.1334490E+02 0.7180640E+01 0.8146030E+01
   4 -67.26 0.1330680E+02 0.7121800E+01 0.8064590E+01
   4 -65.37 0.1328080E+02 0.7052610E+01 0.7982080E+01
   4 -63.47 0.1326390E+02 0.6976540E+01 0.7898180E+01
   4 -61.58 0.1326790E+02 0.6902770E+01 0.7811610E+01
   4 -59.68 0.1327670E+02 0.6821730E+01 0.7728740E+01
   4 -57.79 0.1328190E+02 0.6743940E+01 0.7643250E+01
   4 -55.89 0.1326520E+02 0.6669700E+01 0.7559860E+01
   4 -54.00 0.1324700E+02 0.6605720E+01 0.7478570E+01
   4 -52.11 0.1326320E+02 0.6548620E+01 0.7387130E+01
   4 -50.21 0.1334220E+02 0.6487640E+01 0.7285350E+01
   4 -48.32 0.1349820E+02 0.6429990E+01 0.7167880E+01
   4 -46.42 0.1371620E+02 0.6370740E+01 0.7029560E+01
   4 -44.53 0.1398490E+02 0.6306780E+01 0.6884530E+01
   4 -42.63 0.1429820E+02 0.6243090E+01 0.6738240E+01
   4 -40.74 0.1465610E+02 0.6183330E+01 0.6587860E+01
   4 -38.84 0.1506090E+02 0.6126500E+01 0.6438350E+01
   4 -36.95 0.1548600E+02 0.6070940E+01 0.6294600E+01
   4 -35.05 0.1591680E+02 0.6014280E+01 0.6161250E+01
   4 -33.16 0.1633760E+02 0.5962320E+01 0.6033320E+01
   4 -31.26 0.1676000E+02 0.5914830E+01 0.5909590E+01
   4 -29.37 0.1718840E+02 0.5868930E+01 0.5791140E+01
   4 -27.47 0.1762060E+02 0.5816590E+01 0.5683640E+01
   4 -25.58 0.1803590E+02 0.5760710E+01 0.5589040E+01
   4 -23.68 0.1842710E+02 0.5702680E+01 0.5504960E+01
   4 -21.79 0.1878190E+02 0.5640020E+01 0.5431130E+01
   4 -19.89 0.1909880E+02 0.5572880E+01 0.5368460E+01
   4 -18.00 0.1937290E+02 0.5494950E+01 0.5320350E+01
   4 -16.11 0.1961180E+02 0.5408050E+01 0.5288530E+01
   4 -14.21 0.1982750E+02 0.5323790E+01 0.5264320E+01
   4 -12.32 0.2003200E+02 0.5247440E+01 0.5245760E+01
   4 -10.42 0.2023440E+02 0.5182260E+01 0.5226400E+01
   4  -8.53 0.2041860E+02 0.5126210E+01 0.5202840E+01
   4  -6.63 0.2056670E+02 0.5055070E+01 0.5199250E+01
   4  -4.74 0.2068040E+02 0.4988980E+01 0.5190970E+01
   4  -2.84 0.2074150E+02 0.4930140E+01 0.5177170E+01
   4  -0.95 0.2073130E+02 0.4879850E+01 0.5157370E+01
   4   0.95 0.2062700E+02 0.4834460E+01 0.5132770E+01
   4   2.84 0.2042390E+02 0.4832130E+01 0.5051430E+01
   4   4.74 0.2016290E+02 0.4811900E+01 0.4999090E+01
   4   6.63 0.1987560E+02 0.4790460E+01 0.4958370E+01
   4   8.53 0.1957350E+02 0.4772740E+01 0.4922490E+01
   4  10.42 0.1925070E+02 0.4768750E+01 0.4877280E+01
   4  12.32 0.1889190E+02 0.4776260E+01 0.4822060E+01
   4  14.21 0.1850210E+02 0.4780700E+01 0.4775020E+01
   4  16.11 0.1807670E+02 0.4782150E+01 0.4738890E+01
   4  18.00 0.1761810E+02 0.4781490E+01 0.4710110E+01
   4  19.89 0.1714630E+02 0.4785060E+01 0.4680000E+01
   4  21.79 0.1667350E+02 0.4784570E+01 0.4661210E+01
   4  23.68 0.1621190E+02 0.4780500E+01 0.4654900E+01
   4  25.58 0.1575680E+02 0.4777130E+01 0.4654480E+01
   4  27.47 0.1531330E+02 0.4772130E+01 0.4661020E+01
   4  29.37 0.1488540E+02 0.4761560E+01 0.4678140E+01
   4  31.26 0.1447000E+02 0.4748070E+01 0.4699840E+01
   4  33.16 0.1406260E+02 0.4732690E+01 0.4724520E+01
   4  35.05 0.1366700E+02 0.4712200E+01 0.4757440E+01
   4  36.95 0.1328380E+02 0.4692020E+01 0.4789990E+01
   4  38.84 0.1295470E+02 0.4679490E+01 0.4824390E+01
   4  40.74 0.1268370E+02 0.4680270E+01 0.4858400E+01
   4  42.63 0.1245290E+02 0.4694170E+01 0.4889600E+01
   4  44.53 0.1225280E+02 0.4720600E+01 0.4913520E+01
   4  46.42 0.1207480E+02 0.4757850E+01 0.4930440E+01
   4  48.32 0.1190080E+02 0.4801980E+01 0.4935790E+01
   4  50.21 0.1173980E+02 0.4854070E+01 0.4935040E+01
   4  52.11 0.1160320E+02 0.4919210E+01 0.4923270E+01
   4  54.00 0.1149490E+02 0.4999420E+01 0.4900750E+01
   4  55.89 0.1141030E+02 0.5098000E+01 0.4866800E+01
   4  57.79 0.1136220E+02 0.5219990E+01 0.4814020E+01
   4  59.68 0.1134450E+02 0.5359240E+01 0.4746540E+01
   4  61.58 0.1135050E+02 0.5525600E+01 0.4656680E+01
   4  63.47 0.1136710E+02 0.5717570E+01 0.4542950E+01
   4  65.37 0.1139900E+02 0.5941630E+01 0.4399380E+01
   4  67.26 0.1144670E+02 0.6202550E+01 0.4207670E+01
   4  69.16 0.1152530E+02 0.6528590E+01 0.3936990E+01
   4  71.05 0.1162380E+02 0.6874630E+01 0.3663140E+01
   4  72.95 0.1171390E+02 0.7236520E+01 0.3415290E+01
   4  74.84 0.1175610E+02 0.7616540E+01 0.3193910E+01
   4  76.74 0.1173950E+02 0.7998110E+01 0.3012270E+01
   4  78.63 0.1168650E+02 0.8303300E+01 0.2912930E+01
   4  80.53 0.1164780E+02 0.8484490E+01 0.2928320E+01
   4  82.42 0.1164420E+02 0.8636250E+01 0.2941500E+01
   4  84.32 0.1165390E+02 0.8769740E+01 0.2950400E+01
   4  86.21 0.1164990E+02 0.8860210E+01 0.2957110E+01
   4  88.11 0.1164970E+02 0.8927690E+01 0.2960390E+01
   4  90.00 0.1165410E+02 0.8953570E+01 0.2961860E+01
   5 -90.00 0.1306670E+02 0.3273780E+01 0.1462410E+02
   5 -88.11 0.1307940E+02 0.3257010E+01 0.1457570E+02
   5 -86.21 0.1310220E+02 0.3235280E+01 0.1442550E+02
   5 -84.32 0.1309400E+02 0.3251630E+01 0.1419110E+02
   5 -82.42 0.1303880E+02 0.3333210E+01 0.1387340E+02
   5 -80.53 0.1297580E+02 0.3645100E+01 0.1322010E+02
   5 -78.63 0.1292730E+02 0.4136180E+01 0.1235050E+02
   5 -76.74 0.1289440E+02 0.4721300E+01 0.1139850E+02
   5 -74.84 0.1287790E+02 0.5356770E+01 0.1041320E+02
   5 -72.95 0.1286140E+02 0.5737770E+01 0.9858290E+01
   5 -71.05 0.1287110E+02 0.5992960E+01 0.9502970E+01
   5 -69.16 0.1290080E+02 0.6181050E+01 0.9240350E+01
   5 -67.26 0.1294490E+02 0.6326940E+01 0.9020240E+01
   5 -65.37 0.1300450E+02 0.6440000E+01 0.8822790E+01
   5 -63.47 0.1306040E+02 0.6515750E+01 0.8636090E+01
   5 -61.58 0.1312820E+02 0.6570410E+01 0.8462530E+01
   5 -59.68 0.1320550E+02 0.6610030E+01 0.8297320E+01
   5 -57.79 0.1328620E+02 0.6635420E+01 0.8143640E+01
   5 -55.89 0.1335470E+02 0.6662010E+01 0.7995050E+01
   5 -54.00 0.1340770E+02 0.6690010E+01 0.7850780E+01
   5 -52.11 0.1346890E+02 0.6704860E+01 0.7703210E+01
   5 -50.21 0.1355770E+02 0.6693890E+01 0.7555140E+01
   5 -48.32 0.1368060E+02 0.6659040E+01 0.7393990E+01
   5 -46.42 0.1383190E+02 0.6597540E+01 0.7233190E+01
   5 -44.53 0.1401350E+02 0.6529140E+01 0.7060790E+01
   5 -42.63 0.1421010E+02 0.6442590E+01 0.6895250E+01
   5 -40.74 0.1441750E+02 0.6352290E+01 0.6721250E+01
   5 -38.84 0.1462820E+02 0.6243680E+01 0.6566920E+01
   5 -36.95 0.1484780E+02 0.6141720E+01 0.6407720E+01
   5 -35.05 0.1507910E+02 0.6037420E+01 0.6254640E+01
   5 -33.16 0.1531560E+02 0.5927280E+01 0.6113790E+01
   5 -31.26 0.1557320E+02 0.5825560E+01 0.5971370E+01
   5 -29.37 0.1585660E+02 0.5719570E+01 0.5848760E+01
   5 -27.47 0.1617620E+02 0.5624290E+01 0.5729030E+01
   5 -25.58 0.1653750E+02 0.5543600E+01 0.5605630E+01
   5 -23.68 0.1693760E+02 0.5458740E+01 0.5505920E+01
   5 -21.79 0.1737220E+02 0.5380250E+01 0.5417890E+01
   5 -19.89 0.1781510E+02 0.5310350E+01 0.5332730E+01
   5 -18.00 0.1823840E+02 0.5236790E+01 0.5260330E+01
   5 -16.11 0.1863730E+02 0.5159180E+01 0.5197080E+01
   5 -14.21 0.1902690E+02 0.5092870E+01 0.5131400E+01
   5 -12.32 0.1940950E+02 0.5036210E+01 0.5063420E+01
   5 -10.42 0.1977650E+02 0.4959850E+01 0.5030330E+01
   5  -8.53 0.2012320E+02 0.4891010E+01 0.4993670E+01
   5  -6.63 0.2043940E+02 0.4866550E+01 0.4902260E+01
   5  -4.74 0.2071540E+02 0.4812810E+01 0.4855790E+01
   5  -2.84 0.2094180E+02 0.4754280E+01 0.4826800E+01
   5  -0.95 0.2111610E+02 0.4705470E+01 0.4797810E+01
   5   0.95 0.2123470E+02 0.4722190E+01 0.4695660E+01
   5   2.84 0.2129210E+02 0.4684400E+01 0.4676950E+01
   5   4.74 0.2128620E+02 0.4653350E+01 0.4664830E+01
   5   6.63 0.2125930E+02 0.4650380E+01 0.4633240E+01
   5   8.53 0.2123370E+02 0.4666700E+01 0.4592010E+01
   5  10.42 0.2120250E+02 0.4674710E+01 0.4571380E+01
   5  12.32 0.2114380E+02 0.4685320E+01 0.4551810E+01
   5  14.21 0.2105200E+02 0.4704330E+01 0.4520710E+01
   5  16.11 0.2092270E+02 0.4715200E+01 0.4497450E+01
   5  18.00 0.2075910E+02 0.4731530E+01 0.4460470E+01
   5  19.89 0.2056190E+02 0.4735380E+01 0.4434080E+01
   5  21.79 0.2033610E+02 0.4733940E+01 0.4411100E+01
   5  23.68 0.2008600E+02 0.4739290E+01 0.4373520E+01
   5  25.58 0.1982560E+02 0.4732120E+01 0.4353450E+01
   5  27.47 0.1957240E+02 0.4734440E+01 0.4328460E+01
   5  29.37 0.1933720E+02 0.4737150E+01 0.4314160E+01
   5  31.26 0.1909930E+02 0.4742580E+01 0.4300160E+01
   5  33.16 0.1886600E+02 0.4740110E+01 0.4301490E+01
   5  35.05 0.1865050E+02 0.4745350E+01 0.4297150E+01
   5  36.95 0.1844870E+02 0.4745050E+01 0.4307330E+01
   5  38.84 0.1829270E+02 0.4757820E+01 0.4309800E+01
   5  40.74 0.1818020E+02 0.4780890E+01 0.4305290E+01
   5  42.63 0.1809760E+02 0.4815110E+01 0.4290940E+01
   5  44.53 0.1804610E+02 0.4862390E+01 0.4265920E+01
   5  46.42 0.1800680E+02 0.4919250E+01 0.4230760E+01
   5  48.32 0.1796950E+02 0.4983950E+01 0.4186990E+01
   5  50.21 0.1792750E+02 0.5059500E+01 0.4131810E+01
   5  52.11 0.1788550E+02 0.5149270E+01 0.4064310E+01
   5  54.00 0.1786620E+02 0.5260740E+01 0.3976970E+01
   5  55.89 0.1787280E+02 0.5396700E+01 0.3869720E+01
   5  57.79 0.1790020E+02 0.5560890E+01 0.3732810E+01
   5  59.68 0.1793730E+02 0.5757390E+01 0.3549600E+01
   5  61.58 0.1797790E+02 0.6007850E+01 0.3291860E+01
   5  63.47 0.1801160E+02 0.6252320E+01 0.3028310E+01
   5  65.37 0.1804640E+02 0.6443400E+01 0.2821680E+01
   5  67.26 0.1808310E+02 0.6572340E+01 0.2676380E+01
   5  69.16 0.1812460E+02 0.6616020E+01 0.2621670E+01
   5  71.05 0.1818840E+02 0.6646980E+01 0.2586650E+01
   5  72.95 0.1824610E+02 0.6698460E+01 0.2545300E+01
   5  74.84 0.1827050E+02 0.6773920E+01 0.2498700E+01
   5  76.74 0.1824500E+02 0.6859900E+01 0.2451310E+01
   5  78.63 0.1818210E+02 0.6930330E+01 0.2401970E+01
   5  80.53 0.1813020E+02 0.6974310E+01 0.2356470E+01
   5  82.42 0.1811350E+02 0.6999950E+01 0.2313230E+01
   5  84.32 0.1812830E+02 0.7019260E+01 0.2277480E+01
   5  86.21 0.1814510E+02 0.7032200E+01 0.2250020E+01
   5  88.11 0.1817300E+02 0.7052400E+01 0.2231280E+01
   5  90.00 0.1819650E+02 0.7061930E+01 0.2223350E+01
   6 -90.00 0.1277850E+02 0.2804250E+01 0.1400270E+02
   6 -88.11 0.1278650E+02 0.2781480E+01 0.1396690E+02
   6 -86.21 0.1279030E+02 0.2740420E+01 0.1384220E+02
   6 -84.32 0.1276460E+02 0.2718860E+01 0.1367910E+02
   6 -82.42 0.1270790E+02 0.2723700E+01 0.1348080E+02
   6 -80.53 0.1264490E+02 0.2755240E+01 0.1325190E+02
   6 -78.63 0.1258280E+02 0.2813230E+01 0.1300470E+02
   6 -76.74 0.1255080E+02 0.2907670E+01 0.1267450E+02
   6 -74.84 0.1255210E+02 0.3092150E+01 0.1223700E+02
   6 -72.95 0.1260280E+02 0.3933820E+01 0.1079770E+02
   6 -71.05 0.1269890E+02 0.4441230E+01 0.1006120E+02
   6 -69.16 0.1282560E+02 0.4790830E+01 0.9622660E+01
   6 -67.26 0.1295150E+02 0.5018490E+01 0.9360710E+01
   6 -65.37 0.1307180E+02 0.5218070E+01 0.9125680E+01
   6 -63.47 0.1320730E+02 0.5398390E+01 0.8892330E+01
   6 -61.58 0.1335170E+02 0.5520540E+01 0.8728550E+01
   6 -59.68 0.1349700E+02 0.5631010E+01 0.8557880E+01
   6 -57.79 0.1362970E+02 0.5728120E+01 0.8389770E+01
   6 -55.89 0.1372930E+02 0.5817710E+01 0.8223270E+01
   6 -54.00 0.1381080E+02 0.5900500E+01 0.8061860E+01
   6 -52.11 0.1389370E+02 0.5958900E+01 0.7897630E+01
   6 -50.21 0.1399440E+02 0.5939840E+01 0.7791810E+01
   6 -48.32 0.1412080E+02 0.5924960E+01 0.7626890E+01
   6 -46.42 0.1427170E+02 0.5863930E+01 0.7481060E+01
   6 -44.53 0.1444400E+02 0.5795010E+01 0.7315130E+01
   6 -42.63 0.1463280E+02 0.5714580E+01 0.7141290E+01
   6 -40.74 0.1483350E+02 0.5611270E+01 0.6980470E+01
   6 -38.84 0.1505370E+02 0.5507540E+01 0.6814320E+01
   6 -36.95 0.1529570E+02 0.5415330E+01 0.6620740E+01
   6 -35.05 0.1554880E+02 0.5293520E+01 0.6468570E+01
   6 -33.16 0.1582710E+02 0.5210650E+01 0.6254650E+01
   6 -31.26 0.1612590E+02 0.5074310E+01 0.6121980E+01
   6 -29.37 0.1644210E+02 0.4963300E+01 0.5961960E+01
   6 -27.47 0.1678340E+02 0.4872040E+01 0.5784610E+01
   6 -25.58 0.1714720E+02 0.4746140E+01 0.5671110E+01
   6 -23.68 0.1755470E+02 0.4663730E+01 0.5522500E+01
   6 -21.79 0.1799200E+02 0.4581740E+01 0.5394030E+01
   6 -19.89 0.1844530E+02 0.4480270E+01 0.5312760E+01
   6 -18.00 0.1889150E+02 0.4408640E+01 0.5202850E+01
   6 -16.11 0.1931490E+02 0.4331090E+01 0.5108160E+01
   6 -14.21 0.1971900E+02 0.4231400E+01 0.5056950E+01
   6 -12.32 0.2010790E+02 0.4151880E+01 0.4993810E+01
   6 -10.42 0.2049250E+02 0.4102770E+01 0.4903930E+01
   6  -8.53 0.2086550E+02 0.4026590E+01 0.4871280E+01
   6  -6.63 0.2122600E+02 0.3964460E+01 0.4839340E+01
   6  -4.74 0.2159330E+02 0.3966070E+01 0.4738430E+01
   6  -2.84 0.2196240E+02 0.3928890E+01 0.4714020E+01
   6  -0.95 0.2232380E+02 0.3908590E+01 0.4691390E+01
   6   0.95 0.2266800E+02 0.3949060E+01 0.4600820E+01
   6   2.84 0.2298760E+02 0.3946910E+01 0.4588480E+01
   6   4.74 0.2327560E+02 0.3954870E+01 0.4581660E+01
   6   6.63 0.2354810E+02 0.4018970E+01 0.4509110E+01
   6   8.53 0.2380940E+02 0.4036820E+01 0.4515010E+01
   6  10.42 0.2405810E+02 0.4060340E+01 0.4524870E+01
   6  12.32 0.2429060E+02 0.4134380E+01 0.4464260E+01
   6  14.21 0.2449870E+02 0.4160000E+01 0.4478770E+01
   6  16.11 0.2469100E+02 0.4220860E+01 0.4439630E+01
   6  18.00 0.2486960E+02 0.4250940E+01 0.4440860E+01
   6  19.89 0.2503760E+02 0.4264620E+01 0.4458460E+01
   6  21.79 0.2519980E+02 0.4318660E+01 0.4401490E+01
   6  23.68 0.2534310E+02 0.4315530E+01 0.4421850E+01
   6  25.58 0.2547270E+02 0.4345960E+01 0.4377820E+01
   6  27.47 0.2563070E+02 0.4333890E+01 0.4399470E+01
   6  29.37 0.2584700E+02 0.4367610E+01 0.4362520E+01
   6  31.26 0.2609300E+02 0.4364950E+01 0.4386080E+01
   6  33.16 0.2634830E+02 0.4398000E+01 0.4352270E+01
   6  35.05 0.2659510E+02 0.4403530E+01 0.4348450E+01
   6  36.95 0.2686340E+02 0.4391710E+01 0.4364710E+01
   6  38.84 0.2714070E+02 0.4394270E+01 0.4336420E+01
   6  40.74 0.2741320E+02 0.4381960E+01 0.4293330E+01
   6  42.63 0.2767200E+02 0.4360130E+01 0.4218440E+01
   6  44.53 0.2789890E+02 0.4329400E+01 0.4113720E+01
   6  46.42 0.2806150E+02 0.4293050E+01 0.3977510E+01
   6  48.32 0.2812810E+02 0.4244690E+01 0.3829820E+01
   6  50.21 0.2810140E+02 0.4193320E+01 0.3679300E+01
   6  52.11 0.2799820E+02 0.4163710E+01 0.3498810E+01
   6  54.00 0.2783610E+02 0.4129230E+01 0.3319970E+01
   6  55.89 0.2763550E+02 0.4109990E+01 0.3116620E+01
   6  57.79 0.2740850E+02 0.4112750E+01 0.2881720E+01
   6  59.68 0.2716640E+02 0.4187590E+01 0.2551220E+01
   6  61.58 0.2690950E+02 0.4128400E+01 0.2400620E+01
   6  63.47 0.2661410E+02 0.4009630E+01 0.2344360E+01
   6  65.37 0.2631490E+02 0.3896370E+01 0.2288800E+01
   6  67.26 0.2603440E+02 0.3777900E+01 0.2236970E+01
   6  69.16 0.2578210E+02 0.3661800E+01 0.2184250E+01
   6  71.05 0.2554310E+02 0.3561420E+01 0.2127040E+01
   6  72.95 0.2530220E+02 0.3490270E+01 0.2066330E+01
   6  74.84 0.2502820E+02 0.3454350E+01 0.2002750E+01
   6  76.74 0.2471980E+02 0.3447190E+01 0.1943110E+01
   6  78.63 0.2441040E+02 0.3444050E+01 0.1890110E+01
   6  80.53 0.2412040E+02 0.3424940E+01 0.1847120E+01
   6  82.42 0.2386760E+02 0.3393740E+01 0.1810430E+01
   6  84.32 0.2367490E+02 0.3364950E+01 0.1784160E+01
   6  86.21 0.2354500E+02 0.3343070E+01 0.1762920E+01
   6  88.11 0.2348060E+02 0.3334690E+01 0.1748380E+01
   6  90.00 0.2346730E+02 0.3333780E+01 0.1742360E+01
   7 -90.00 0.1315550E+02 0.2400340E+01 0.1312060E+02
   7 -88.11 0.1317060E+02 0.2384470E+01 0.1309010E+02
   7 -86.21 0.1318960E+02 0.2354490E+01 0.1297920E+02
   7 -84.32 0.1321290E+02 0.2345220E+01 0.1282740E+02
   7 -82.42 0.1322040E+02 0.2363380E+01 0.1263880E+02
   7 -80.53 0.1323040E+02 0.2413250E+01 0.1240630E+02
   7 -78.63 0.1325080E+02 0.2509630E+01 0.1211380E+02
   7 -76.74 0.1331090E+02 0.2820980E+01 0.1148350E+02
   7 -74.84 0.1339140E+02 0.3294240E+01 0.1063690E+02
   7 -72.95 0.1349200E+02 0.3871270E+01 0.9685610E+01
   7 -71.05 0.1361500E+02 0.4201810E+01 0.9230210E+01
   7 -69.16 0.1374800E+02 0.4442490E+01 0.8948910E+01
   7 -67.26 0.1387630E+02 0.4634050E+01 0.8741360E+01
   7 -65.37 0.1400760E+02 0.4791070E+01 0.8575940E+01
   7 -63.47 0.1415100E+02 0.4926020E+01 0.8426430E+01
   7 -61.58 0.1429600E+02 0.5039130E+01 0.8283810E+01
   7 -59.68 0.1444330E+02 0.5133360E+01 0.8143520E+01
   7 -57.79 0.1457450E+02 0.5207770E+01 0.8012450E+01
   7 -55.89 0.1467610E+02 0.5268520E+01 0.7895340E+01
   7 -54.00 0.1475010E+02 0.5321010E+01 0.7779850E+01
   7 -52.11 0.1481730E+02 0.5344980E+01 0.7666770E+01
   7 -50.21 0.1489150E+02 0.5335380E+01 0.7552800E+01
   7 -48.32 0.1498110E+02 0.5292290E+01 0.7446940E+01
   7 -46.42 0.1509250E+02 0.5243000E+01 0.7316560E+01
   7 -44.53 0.1523550E+02 0.5168120E+01 0.7205820E+01
   7 -42.63 0.1541390E+02 0.5100230E+01 0.7067820E+01
   7 -40.74 0.1562870E+02 0.5021040E+01 0.6936250E+01
   7 -38.84 0.1586880E+02 0.4954340E+01 0.6775750E+01
   7 -36.95 0.1613290E+02 0.4866850E+01 0.6635030E+01
   7 -35.05 0.1643620E+02 0.4795190E+01 0.6465410E+01
   7 -33.16 0.1677840E+02 0.4723110E+01 0.6294740E+01
   7 -31.26 0.1714810E+02 0.4640850E+01 0.6137020E+01
   7 -29.37 0.1753970E+02 0.4570540E+01 0.5956410E+01
   7 -27.47 0.1795590E+02 0.4483420E+01 0.5800040E+01
   7 -25.58 0.1839790E+02 0.4399870E+01 0.5648970E+01
   7 -23.68 0.1886210E+02 0.4332570E+01 0.5491250E+01
   7 -21.79 0.1934070E+02 0.4248920E+01 0.5374250E+01
   7 -19.89 0.1983030E+02 0.4177940E+01 0.5258530E+01
   7 -18.00 0.2031830E+02 0.4123850E+01 0.5137450E+01
   7 -16.11 0.2077600E+02 0.4038290E+01 0.5073880E+01
   7 -14.21 0.2120140E+02 0.3962930E+01 0.5010110E+01
   7 -12.32 0.2159900E+02 0.3913440E+01 0.4922640E+01
   7 -10.42 0.2197340E+02 0.3842620E+01 0.4884370E+01
   7  -8.53 0.2234240E+02 0.3774510E+01 0.4863460E+01
   7  -6.63 0.2270720E+02 0.3734830E+01 0.4819890E+01
   7  -4.74 0.2308500E+02 0.3718420E+01 0.4765530E+01
   7  -2.84 0.2348400E+02 0.3688100E+01 0.4759240E+01
   7  -0.95 0.2390940E+02 0.3675490E+01 0.4755070E+01
   7   0.95 0.2435650E+02 0.3722430E+01 0.4681490E+01
   7   2.84 0.2480900E+02 0.3727990E+01 0.4683880E+01
   7   4.74 0.2526820E+02 0.3744140E+01 0.4688450E+01
   7   6.63 0.2572290E+02 0.3796530E+01 0.4641570E+01
   7   8.53 0.2616320E+02 0.3828850E+01 0.4631340E+01
   7  10.42 0.2657980E+02 0.3852210E+01 0.4645770E+01
   7  12.32 0.2697760E+02 0.3909600E+01 0.4619190E+01
   7  14.21 0.2735780E+02 0.3956420E+01 0.4614600E+01
   7  16.11 0.2771270E+02 0.3992880E+01 0.4627660E+01
   7  18.00 0.2804270E+02 0.4039440E+01 0.4621110E+01
   7  19.89 0.2834730E+02 0.4071130E+01 0.4633260E+01
   7  21.79 0.2863040E+02 0.4104580E+01 0.4633620E+01
   7  23.68 0.2889130E+02 0.4124050E+01 0.4647600E+01
   7  25.58 0.2913770E+02 0.4145460E+01 0.4647370E+01
   7  27.47 0.2941970E+02 0.4154350E+01 0.4662450E+01
   7  29.37 0.2977720E+02 0.4172710E+01 0.4660610E+01
   7  31.26 0.3020860E+02 0.4191300E+01 0.4660310E+01
   7  33.16 0.3065030E+02 0.4208330E+01 0.4652790E+01
   7  35.05 0.3108640E+02 0.4204140E+01 0.4657490E+01
   7  36.95 0.3155230E+02 0.4196100E+01 0.4643110E+01
   7  38.84 0.3202630E+02 0.4174110E+01 0.4616370E+01
   7  40.74 0.3245910E+02 0.4132750E+01 0.4572230E+01
   7  42.63 0.3282010E+02 0.4074170E+01 0.4498150E+01
   7  44.53 0.3308690E+02 0.4002700E+01 0.4383020E+01
   7  46.42 0.3323220E+02 0.3914780E+01 0.4240490E+01
   7  48.32 0.3323440E+02 0.3819650E+01 0.4073500E+01
   7  50.21 0.3310560E+02 0.3722710E+01 0.3887250E+01
   7  52.11 0.3286900E+02 0.3626620E+01 0.3690870E+01
   7  54.00 0.3252250E+02 0.3534480E+01 0.3482270E+01
   7  55.89 0.3208460E+02 0.3442490E+01 0.3269990E+01
   7  57.79 0.3159550E+02 0.3357250E+01 0.3045020E+01
   7  59.68 0.3107860E+02 0.3290040E+01 0.2793580E+01
   7  61.58 0.3054260E+02 0.3233270E+01 0.2541440E+01
   7  63.47 0.2996710E+02 0.3135310E+01 0.2380660E+01
   7  65.37 0.2940920E+02 0.3010830E+01 0.2296710E+01
   7  67.26 0.2889040E+02 0.2880970E+01 0.2246300E+01
   7  69.16 0.2842910E+02 0.2762050E+01 0.2198600E+01
   7  71.05 0.2800810E+02 0.2667070E+01 0.2150610E+01
   7  72.95 0.2758960E+02 0.2613230E+01 0.2100580E+01
   7  74.84 0.2714780E+02 0.2607730E+01 0.2053110E+01
   7  76.74 0.2669910E+02 0.2640630E+01 0.2010190E+01
   7  78.63 0.2627840E+02 0.2675340E+01 0.1969370E+01
   7  80.53 0.2592760E+02 0.2683600E+01 0.1934530E+01
   7  82.42 0.2563700E+02 0.2668920E+01 0.1902550E+01
   7  84.32 0.2542200E+02 0.2652530E+01 0.1877430E+01
   7  86.21 0.2526210E+02 0.2638740E+01 0.1855930E+01
   7  88.11 0.2516730E+02 0.2634330E+01 0.1842460E+01
   7  90.00 0.2515540E+02 0.2634260E+01 0.1835610E+01
   8 -90.00 0.1285950E+02 0.2475750E+01 0.1179920E+02
   8 -88.11 0.1288530E+02 0.2509860E+01 0.1171600E+02
   8 -86.21 0.1295750E+02 0.2750280E+01 0.1121760E+02
   8 -84.32 0.1304790E+02 0.3067300E+01 0.1060390E+02
   8 -82.42 0.1312720E+02 0.3434210E+01 0.9965570E+01
   8 -80.53 0.1321680E+02 0.3835680E+01 0.9325590E+01
   8 -78.63 0.1330930E+02 0.4258660E+01 0.8670330E+01
   8 -76.74 0.1342750E+02 0.4542030E+01 0.8294220E+01
   8 -74.84 0.1355020E+02 0.4734920E+01 0.8057240E+01
   8 -72.95 0.1366660E+02 0.4876900E+01 0.7883650E+01
   8 -71.05 0.1377970E+02 0.4982190E+01 0.7752360E+01
   8 -69.16 0.1388820E+02 0.5059570E+01 0.7642760E+01
   8 -67.26 0.1398810E+02 0.5110920E+01 0.7548060E+01
   8 -65.37 0.1409360E+02 0.5149970E+01 0.7459260E+01
   8 -63.47 0.1420530E+02 0.5178970E+01 0.7370520E+01
   8 -61.58 0.1432350E+02 0.5199150E+01 0.7279810E+01
   8 -59.68 0.1443360E+02 0.5207570E+01 0.7197800E+01
   8 -57.79 0.1451280E+02 0.5204610E+01 0.7122740E+01
   8 -55.89 0.1455110E+02 0.5198820E+01 0.7048550E+01
   8 -54.00 0.1457710E+02 0.5185650E+01 0.6980850E+01
   8 -52.11 0.1459370E+02 0.5157440E+01 0.6906550E+01
   8 -50.21 0.1461290E+02 0.5106390E+01 0.6831870E+01
   8 -48.32 0.1464130E+02 0.5045840E+01 0.6747910E+01
   8 -46.42 0.1467870E+02 0.4972630E+01 0.6659150E+01
   8 -44.53 0.1474430E+02 0.4897930E+01 0.6558790E+01
   8 -42.63 0.1483720E+02 0.4820380E+01 0.6443960E+01
   8 -40.74 0.1495220E+02 0.4737320E+01 0.6328260E+01
   8 -38.84 0.1509780E+02 0.4658620E+01 0.6203080E+01
   8 -36.95 0.1528550E+02 0.4586300E+01 0.6069400E+01
   8 -35.05 0.1550460E+02 0.4514000E+01 0.5939210E+01
   8 -33.16 0.1575960E+02 0.4453230E+01 0.5803120E+01
   8 -31.26 0.1604730E+02 0.4399020E+01 0.5665120E+01
   8 -29.37 0.1635690E+02 0.4345220E+01 0.5533470E+01
   8 -27.47 0.1669680E+02 0.4289970E+01 0.5413630E+01
   8 -25.58 0.1706680E+02 0.4239440E+01 0.5301920E+01
   8 -23.68 0.1747810E+02 0.4197260E+01 0.5201030E+01
   8 -21.79 0.1792810E+02 0.4156660E+01 0.5117490E+01
   8 -19.89 0.1841360E+02 0.4118980E+01 0.5048920E+01
   8 -18.00 0.1891280E+02 0.4084380E+01 0.4988080E+01
   8 -16.11 0.1940360E+02 0.4051350E+01 0.4933190E+01
   8 -14.21 0.1987680E+02 0.4015370E+01 0.4890100E+01
   8 -12.32 0.2033370E+02 0.3977430E+01 0.4859710E+01
   8 -10.42 0.2077280E+02 0.3945200E+01 0.4832200E+01
   8  -8.53 0.2119670E+02 0.3925150E+01 0.4802870E+01
   8  -6.63 0.2161110E+02 0.3913370E+01 0.4775370E+01
   8  -4.74 0.2201700E+02 0.3891590E+01 0.4777960E+01
   8  -2.84 0.2242130E+02 0.3880780E+01 0.4782110E+01
   8  -0.95 0.2282110E+02 0.3882070E+01 0.4785730E+01
   8   0.95 0.2320930E+02 0.3914060E+01 0.4759940E+01
   8   2.84 0.2358070E+02 0.3963380E+01 0.4723420E+01
   8   4.74 0.2393290E+02 0.3989310E+01 0.4734160E+01
   8   6.63 0.2426690E+02 0.4022130E+01 0.4748400E+01
   8   8.53 0.2459260E+02 0.4069710E+01 0.4751000E+01
   8  10.42 0.2490760E+02 0.4125780E+01 0.4749820E+01
   8  12.32 0.2520370E+02 0.4180360E+01 0.4757880E+01
   8  14.21 0.2549290E+02 0.4236400E+01 0.4771150E+01
   8  16.11 0.2576260E+02 0.4303970E+01 0.4770400E+01
   8  18.00 0.2601290E+02 0.4361680E+01 0.4782950E+01
   8  19.89 0.2625160E+02 0.4412480E+01 0.4801860E+01
   8  21.79 0.2648460E+02 0.4462730E+01 0.4810410E+01
   8  23.68 0.2670990E+02 0.4506980E+01 0.4821850E+01
   8  25.58 0.2693700E+02 0.4544160E+01 0.4839790E+01
   8  27.47 0.2721650E+02 0.4587470E+01 0.4849910E+01
   8  29.37 0.2757450E+02 0.4629640E+01 0.4868320E+01
   8  31.26 0.2802770E+02 0.4683870E+01 0.4879170E+01
   8  33.16 0.2850950E+02 0.4738160E+01 0.4889790E+01
   8  35.05 0.2899490E+02 0.4785020E+01 0.4906590E+01
   8  36.95 0.2951760E+02 0.4830550E+01 0.4926800E+01
   8  38.84 0.3008870E+02 0.4876490E+01 0.4944730E+01
   8  40.74 0.3067490E+02 0.4920860E+01 0.4951690E+01
   8  42.63 0.3123940E+02 0.4959430E+01 0.4945360E+01
   8  44.53 0.3175990E+02 0.4990220E+01 0.4925830E+01
   8  46.42 0.3221790E+02 0.5019250E+01 0.4883510E+01
   8  48.32 0.3258200E+02 0.5039620E+01 0.4823620E+01
   8  50.21 0.3286820E+02 0.5057510E+01 0.4749240E+01
   8  52.11 0.3309390E+02 0.5075710E+01 0.4665950E+01
   8  54.00 0.3327940E+02 0.5100520E+01 0.4570780E+01
   8  55.89 0.3342120E+02 0.5126350E+01 0.4465890E+01
   8  57.79 0.3352880E+02 0.5157930E+01 0.4350730E+01
   8  59.68 0.3360540E+02 0.5205610E+01 0.4225060E+01
   8  61.58 0.3367670E+02 0.5282960E+01 0.4084230E+01
   8  63.47 0.3374100E+02 0.5395120E+01 0.3923090E+01
   8  65.37 0.3379890E+02 0.5552770E+01 0.3717500E+01
   8  67.26 0.3389930E+02 0.5733550E+01 0.3491980E+01
   8  69.16 0.3404590E+02 0.5921730E+01 0.3274410E+01
   8  71.05 0.3423120E+02 0.6127980E+01 0.3066800E+01
   8  72.95 0.3439830E+02 0.6350670E+01 0.2888170E+01
   8  74.84 0.3445750E+02 0.6545060E+01 0.2795380E+01
   8  76.74 0.3442580E+02 0.6740560E+01 0.2759150E+01
   8  78.63 0.3437190E+02 0.6945280E+01 0.2722090E+01
   8  80.53 0.3430270E+02 0.7114490E+01 0.2684000E+01
   8  82.42 0.3426040E+02 0.7245030E+01 0.2641480E+01
   8  84.32 0.3423190E+02 0.7345940E+01 0.2603880E+01
   8  86.21 0.3419700E+02 0.7417560E+01 0.2570320E+01
   8  88.11 0.3419530E+02 0.7469150E+01 0.2547460E+01
   8  90.00 0.3420130E+02 0.7486620E+01 0.2538270E+01
   9 -90.00 0.1445190E+02 0.8293950E+01 0.4053860E+01
   9 -88.11 0.1445340E+02 0.8242410E+01 0.4103940E+01
   9 -86.21 0.1443930E+02 0.7941560E+01 0.4479860E+01
   9 -84.32 0.1441520E+02 0.7615650E+01 0.4898770E+01
   9 -82.42 0.1436050E+02 0.7298090E+01 0.5303630E+01
   9 -80.53 0.1431670E+02 0.7003270E+01 0.5673490E+01
   9 -78.63 0.1429440E+02 0.6766650E+01 0.5917900E+01
   9 -76.74 0.1430880E+02 0.6602230E+01 0.6034910E+01
   9 -74.84 0.1433840E+02 0.6470080E+01 0.6082710E+01
   9 -72.95 0.1438600E+02 0.6355270E+01 0.6096550E+01
   9 -71.05 0.1445520E+02 0.6247180E+01 0.6090340E+01
   9 -69.16 0.1454720E+02 0.6142880E+01 0.6078890E+01
   9 -67.26 0.1465400E+02 0.6042230E+01 0.6064370E+01
   9 -65.37 0.1477110E+02 0.5950950E+01 0.6047090E+01
   9 -63.47 0.1488550E+02 0.5860880E+01 0.6031140E+01
   9 -61.58 0.1499240E+02 0.5773740E+01 0.6017000E+01
   9 -59.68 0.1508660E+02 0.5687360E+01 0.6001360E+01
   9 -57.79 0.1515840E+02 0.5599850E+01 0.5989040E+01
   9 -55.89 0.1521310E+02 0.5521730E+01 0.5972200E+01
   9 -54.00 0.1524690E+02 0.5447340E+01 0.5952460E+01
   9 -52.11 0.1526370E+02 0.5366850E+01 0.5930020E+01
   9 -50.21 0.1526490E+02 0.5279010E+01 0.5895050E+01
   9 -48.32 0.1526040E+02 0.5182180E+01 0.5846520E+01
   9 -46.42 0.1527480E+02 0.5082040E+01 0.5787030E+01
   9 -44.53 0.1532030E+02 0.4984250E+01 0.5716290E+01
   9 -42.63 0.1539930E+02 0.4892620E+01 0.5634310E+01
   9 -40.74 0.1550640E+02 0.4806840E+01 0.5543300E+01
   9 -38.84 0.1563380E+02 0.4725240E+01 0.5452080E+01
   9 -36.95 0.1577630E+02 0.4647720E+01 0.5360880E+01
   9 -35.05 0.1594900E+02 0.4580500E+01 0.5271420E+01
   9 -33.16 0.1615280E+02 0.4522370E+01 0.5189760E+01
   9 -31.26 0.1636970E+02 0.4472350E+01 0.5114750E+01
   9 -29.37 0.1660140E+02 0.4430690E+01 0.5047930E+01
   9 -27.47 0.1685740E+02 0.4394950E+01 0.4991920E+01
   9 -25.58 0.1714030E+02 0.4363660E+01 0.4948230E+01
   9 -23.68 0.1746890E+02 0.4339140E+01 0.4917090E+01
   9 -21.79 0.1783840E+02 0.4323170E+01 0.4897910E+01
   9 -19.89 0.1824230E+02 0.4315260E+01 0.4890340E+01
   9 -18.00 0.1866610E+02 0.4312200E+01 0.4893270E+01
   9 -16.11 0.1909580E+02 0.4311210E+01 0.4903650E+01
   9 -14.21 0.1951970E+02 0.4310300E+01 0.4920820E+01
   9 -12.32 0.1994400E+02 0.4310810E+01 0.4946790E+01
   9 -10.42 0.2037910E+02 0.4317650E+01 0.4976210E+01
   9  -8.53 0.2080930E+02 0.4326720E+01 0.5006620E+01
   9  -6.63 0.2122280E+02 0.4341020E+01 0.5030810E+01
   9  -4.74 0.2161470E+02 0.4360630E+01 0.5049050E+01
   9  -2.84 0.2197610E+02 0.4387940E+01 0.5061760E+01
   9  -0.95 0.2227300E+02 0.4419040E+01 0.5068360E+01
   9   0.95 0.2248060E+02 0.4450540E+01 0.5072000E+01
   9   2.84 0.2257460E+02 0.4481070E+01 0.5071480E+01
   9   4.74 0.2255750E+02 0.4517640E+01 0.5053270E+01
   9   6.63 0.2246930E+02 0.4541900E+01 0.5044950E+01
   9   8.53 0.2235990E+02 0.4563030E+01 0.5042790E+01
   9  10.42 0.2224390E+02 0.4587140E+01 0.5044490E+01
   9  12.32 0.2212850E+02 0.4615360E+01 0.5048900E+01
   9  14.21 0.2202090E+02 0.4649420E+01 0.5056100E+01
   9  16.11 0.2189500E+02 0.4685400E+01 0.5068450E+01
   9  18.00 0.2174430E+02 0.4726220E+01 0.5083930E+01
   9  19.89 0.2157720E+02 0.4770490E+01 0.5108070E+01
   9  21.79 0.2137940E+02 0.4812720E+01 0.5140660E+01
   9  23.68 0.2113510E+02 0.4850500E+01 0.5181110E+01
   9  25.58 0.2084680E+02 0.4882570E+01 0.5228300E+01
   9  27.47 0.2055500E+02 0.4921420E+01 0.5283500E+01
   9  29.37 0.2029020E+02 0.4977430E+01 0.5345590E+01
   9  31.26 0.2001770E+02 0.5036100E+01 0.5414960E+01
   9  33.16 0.1970480E+02 0.5087360E+01 0.5491350E+01
   9  35.05 0.1933360E+02 0.5125210E+01 0.5575880E+01
   9  36.95 0.1891830E+02 0.5155250E+01 0.5664620E+01
   9  38.84 0.1850590E+02 0.5182490E+01 0.5760960E+01
   9  40.74 0.1811890E+02 0.5210340E+01 0.5860000E+01
   9  42.63 0.1779790E+02 0.5249290E+01 0.5956660E+01
   9  44.53 0.1756200E+02 0.5305560E+01 0.6047770E+01
   9  46.42 0.1739110E+02 0.5375000E+01 0.6130960E+01
   9  48.32 0.1725580E+02 0.5453370E+01 0.6198290E+01
   9  50.21 0.1713480E+02 0.5533910E+01 0.6256390E+01
   9  52.11 0.1705790E+02 0.5619410E+01 0.6303590E+01
   9  54.00 0.1704360E+02 0.5717440E+01 0.6337150E+01
   9  55.89 0.1708060E+02 0.5834040E+01 0.6349980E+01
   9  57.79 0.1715770E+02 0.5961140E+01 0.6344400E+01
   9  59.68 0.1726850E+02 0.6100760E+01 0.6324240E+01
   9  61.58 0.1740280E+02 0.6261070E+01 0.6289050E+01
   9  63.47 0.1754330E+02 0.6443550E+01 0.6240840E+01
   9  65.37 0.1770410E+02 0.6644560E+01 0.6182740E+01
   9  67.26 0.1790230E+02 0.6857600E+01 0.6105230E+01
   9  69.16 0.1815440E+02 0.7105950E+01 0.6005570E+01
   9  71.05 0.1843970E+02 0.7416340E+01 0.5881020E+01
   9  72.95 0.1873040E+02 0.7858330E+01 0.5708100E+01
   9  74.84 0.1897630E+02 0.8502250E+01 0.5437710E+01
   9  76.74 0.1911740E+02 0.9297030E+01 0.5099360E+01
   9  78.63 0.1919070E+02 0.1012000E+02 0.4756040E+01
   9  80.53 0.1927130E+02 0.1089320E+02 0.4411580E+01
   9  82.42 0.1940210E+02 0.1161800E+02 0.4072590E+01
   9  84.32 0.1955160E+02 0.1223380E+02 0.3771210E+01
   9  86.21 0.1966030E+02 0.1259840E+02 0.3633890E+01
   9  88.11 0.1974750E+02 0.1278830E+02 0.3640380E+01
   9  90.00 0.1978970E+02 0.1285740E+02 0.3642150E+01
  10 -90.00 0.1728270E+02 0.9072240E+01 0.2790490E+01
  10 -88.11 0.1730100E+02 0.9059180E+01 0.2786490E+01
  10 -86.21 0.1733800E+02 0.9010170E+01 0.2771800E+01
  10 -84.32 0.1737370E+02 0.8959010E+01 0.2754940E+01
  10 -82.42 0.1740290E+02 0.8914930E+01 0.2729020E+01
  10 -80.53 0.1744400E+02 0.8885890E+01 0.2698140E+01
  10 -78.63 0.1748430E+02 0.8784920E+01 0.2745510E+01
  10 -76.74 0.1753730E+02 0.8591220E+01 0.2899300E+01
  10 -74.84 0.1757290E+02 0.8342590E+01 0.3104220E+01
  10 -72.95 0.1759600E+02 0.8058840E+01 0.3343540E+01
  10 -71.05 0.1760880E+02 0.7755010E+01 0.3606910E+01
  10 -69.16 0.1762050E+02 0.7439510E+01 0.3891270E+01
  10 -67.26 0.1763190E+02 0.7158900E+01 0.4140050E+01
  10 -65.37 0.1763990E+02 0.6935250E+01 0.4330450E+01
  10 -63.47 0.1763160E+02 0.6743380E+01 0.4490090E+01
  10 -61.58 0.1760890E+02 0.6577210E+01 0.4630710E+01
  10 -59.68 0.1756250E+02 0.6421080E+01 0.4757710E+01
  10 -57.79 0.1748840E+02 0.6271250E+01 0.4865430E+01
  10 -55.89 0.1738570E+02 0.6129770E+01 0.4955310E+01
  10 -54.00 0.1725330E+02 0.5999370E+01 0.5025600E+01
  10 -52.11 0.1711010E+02 0.5876430E+01 0.5073240E+01
  10 -50.21 0.1697080E+02 0.5751440E+01 0.5100610E+01
  10 -48.32 0.1685350E+02 0.5631790E+01 0.5107870E+01
  10 -46.42 0.1675520E+02 0.5516490E+01 0.5098830E+01
  10 -44.53 0.1668650E+02 0.5407480E+01 0.5077860E+01
  10 -42.63 0.1665940E+02 0.5312160E+01 0.5046580E+01
  10 -40.74 0.1665820E+02 0.5221370E+01 0.5015000E+01
  10 -38.84 0.1667390E+02 0.5143480E+01 0.4975900E+01
  10 -36.95 0.1671390E+02 0.5071550E+01 0.4941600E+01
  10 -35.05 0.1677550E+02 0.5008910E+01 0.4903420E+01
  10 -33.16 0.1685850E+02 0.4951390E+01 0.4866070E+01
  10 -31.26 0.1698000E+02 0.4900110E+01 0.4833120E+01
  10 -29.37 0.1712970E+02 0.4856270E+01 0.4801380E+01
  10 -27.47 0.1729960E+02 0.4814080E+01 0.4781260E+01
  10 -25.58 0.1748250E+02 0.4770470E+01 0.4774700E+01
  10 -23.68 0.1768350E+02 0.4734020E+01 0.4770640E+01
  10 -21.79 0.1790040E+02 0.4698600E+01 0.4777700E+01
  10 -19.89 0.1813010E+02 0.4663030E+01 0.4797150E+01
  10 -18.00 0.1836210E+02 0.4627550E+01 0.4824650E+01
  10 -16.11 0.1859080E+02 0.4599940E+01 0.4852710E+01
  10 -14.21 0.1883620E+02 0.4579070E+01 0.4889390E+01
  10 -12.32 0.1910720E+02 0.4567710E+01 0.4934690E+01
  10 -10.42 0.1939080E+02 0.4562370E+01 0.4987860E+01
  10  -8.53 0.1967150E+02 0.4576710E+01 0.5027350E+01
  10  -6.63 0.1993760E+02 0.4596150E+01 0.5068790E+01
  10  -4.74 0.2017160E+02 0.4621060E+01 0.5111370E+01
  10  -2.84 0.2034510E+02 0.4645130E+01 0.5159400E+01
  10  -0.95 0.2043460E+02 0.4653930E+01 0.5226460E+01
  10   0.95 0.2042760E+02 0.4699590E+01 0.5240830E+01
  10   2.84 0.2032400E+02 0.4745190E+01 0.5252200E+01
  10   4.74 0.2013830E+02 0.4788600E+01 0.5259550E+01
  10   6.63 0.1990630E+02 0.4829900E+01 0.5265700E+01
  10   8.53 0.1967490E+02 0.4876830E+01 0.5272680E+01
  10  10.42 0.1945760E+02 0.4923660E+01 0.5298110E+01
  10  12.32 0.1924980E+02 0.4979970E+01 0.5325690E+01
  10  14.21 0.1904570E+02 0.5051680E+01 0.5353210E+01
  10  16.11 0.1882110E+02 0.5131750E+01 0.5384150E+01
  10  18.00 0.1856470E+02 0.5215440E+01 0.5421910E+01
  10  19.89 0.1826420E+02 0.5299810E+01 0.5467870E+01
  10  21.79 0.1791000E+02 0.5370000E+01 0.5529180E+01
  10  23.68 0.1750170E+02 0.5432430E+01 0.5594800E+01
  10  25.58 0.1704160E+02 0.5485760E+01 0.5665260E+01
  10  27.47 0.1656540E+02 0.5537540E+01 0.5741910E+01
  10  29.37 0.1607760E+02 0.5589420E+01 0.5825570E+01
  10  31.26 0.1554920E+02 0.5626870E+01 0.5919280E+01
  10  33.16 0.1496880E+02 0.5648030E+01 0.6020480E+01
  10  35.05 0.1434350E+02 0.5654010E+01 0.6128060E+01
  10  36.95 0.1370370E+02 0.5646960E+01 0.6242510E+01
  10  38.84 0.1311370E+02 0.5644650E+01 0.6363520E+01
  10  40.74 0.1259900E+02 0.5651830E+01 0.6490030E+01
  10  42.63 0.1217180E+02 0.5672190E+01 0.6617960E+01
  10  44.53 0.1181680E+02 0.5706430E+01 0.6745460E+01
  10  46.42 0.1152110E+02 0.5751950E+01 0.6869880E+01
  10  48.32 0.1126090E+02 0.5796100E+01 0.6995990E+01
  10  50.21 0.1102490E+02 0.5837070E+01 0.7119200E+01
  10  52.11 0.1082020E+02 0.5876480E+01 0.7229950E+01
  10  54.00 0.1065400E+02 0.5909610E+01 0.7326790E+01
  10  55.89 0.1053260E+02 0.5936220E+01 0.7411330E+01
  10  57.79 0.1045700E+02 0.5962940E+01 0.7481990E+01
  10  59.68 0.1042420E+02 0.5984980E+01 0.7541470E+01
  10  61.58 0.1042050E+02 0.6007300E+01 0.7590780E+01
  10  63.47 0.1044660E+02 0.6039040E+01 0.7630810E+01
  10  65.37 0.1050550E+02 0.6072210E+01 0.7659100E+01
  10  67.26 0.1059530E+02 0.6089090E+01 0.7678820E+01
  10  69.16 0.1071660E+02 0.6086660E+01 0.7690420E+01
  10  71.05 0.1085590E+02 0.6087890E+01 0.7693520E+01
  10  72.95 0.1097880E+02 0.6127090E+01 0.7703660E+01
  10  74.84 0.1103500E+02 0.6222220E+01 0.7715500E+01
  10  76.74 0.1100880E+02 0.6370100E+01 0.7736780E+01
  10  78.63 0.1093990E+02 0.6509280E+01 0.7764410E+01
  10  80.53 0.1091020E+02 0.6601520E+01 0.7815240E+01
  10  82.42 0.1091610E+02 0.6609880E+01 0.7924210E+01
  10  84.32 0.1095490E+02 0.6464600E+01 0.8226160E+01
  10  86.21 0.1099700E+02 0.6400720E+01 0.8391690E+01
  10  88.11 0.1103620E+02 0.6438090E+01 0.8394830E+01
  10  90.00 0.1106290E+02 0.6456280E+01 0.8390500E+01
  11 -90.00 0.2219660E+02 0.6673390E+01 0.1845330E+01
  11 -88.11 0.2223390E+02 0.6660780E+01 0.1852770E+01
  11 -86.21 0.2234450E+02 0.6639630E+01 0.1871320E+01
  11 -84.32 0.2251300E+02 0.6645610E+01 0.1894460E+01
  11 -82.42 0.2272040E+02 0.6674750E+01 0.1923780E+01
  11 -80.53 0.2297280E+02 0.6733410E+01 0.1959100E+01
  11 -78.63 0.2324950E+02 0.6809190E+01 0.1999500E+01
  11 -76.74 0.2356260E+02 0.6892080E+01 0.2048830E+01
  11 -74.84 0.2390460E+02 0.6975920E+01 0.2106890E+01
  11 -72.95 0.2425970E+02 0.7066360E+01 0.2175160E+01
  11 -71.05 0.2461100E+02 0.7156150E+01 0.2248810E+01
  11 -69.16 0.2496860E+02 0.7258760E+01 0.2328290E+01
  11 -67.26 0.2530280E+02 0.7325680E+01 0.2467010E+01
  11 -65.37 0.2557700E+02 0.7322890E+01 0.2691700E+01
  11 -63.47 0.2576020E+02 0.7261350E+01 0.2978480E+01
  11 -61.58 0.2585920E+02 0.7133680E+01 0.3324510E+01
  11 -59.68 0.2584420E+02 0.6990760E+01 0.3651740E+01
  11 -57.79 0.2570320E+02 0.6865270E+01 0.3906380E+01
  11 -55.89 0.2543460E+02 0.6737520E+01 0.4109220E+01
  11 -54.00 0.2506480E+02 0.6601380E+01 0.4261620E+01
  11 -52.11 0.2464780E+02 0.6460830E+01 0.4367050E+01
  11 -50.21 0.2421890E+02 0.6314380E+01 0.4433990E+01
  11 -48.32 0.2380410E+02 0.6168230E+01 0.4470600E+01
  11 -46.42 0.2342630E+02 0.6029110E+01 0.4486920E+01
  11 -44.53 0.2311870E+02 0.5906990E+01 0.4488340E+01
  11 -42.63 0.2286740E+02 0.5798810E+01 0.4484000E+01
  11 -40.74 0.2265570E+02 0.5708830E+01 0.4476060E+01
  11 -38.84 0.2248790E+02 0.5631720E+01 0.4478850E+01
  11 -36.95 0.2234970E+02 0.5570560E+01 0.4483410E+01
  11 -35.05 0.2222780E+02 0.5521260E+01 0.4488050E+01
  11 -33.16 0.2212320E+02 0.5472910E+01 0.4498110E+01
  11 -31.26 0.2203720E+02 0.5433800E+01 0.4501720E+01
  11 -29.37 0.2195830E+02 0.5387370E+01 0.4518040E+01
  11 -27.47 0.2188530E+02 0.5344420E+01 0.4531620E+01
  11 -25.58 0.2182380E+02 0.5300850E+01 0.4549920E+01
  11 -23.68 0.2176700E+02 0.5254390E+01 0.4568710E+01
  11 -21.79 0.2170600E+02 0.5195490E+01 0.4602180E+01
  11 -19.89 0.2163490E+02 0.5146870E+01 0.4618180E+01
  11 -18.00 0.2156440E+02 0.5091830E+01 0.4644000E+01
  11 -16.11 0.2151200E+02 0.5034200E+01 0.4677520E+01
  11 -14.21 0.2148810E+02 0.4993070E+01 0.4701250E+01
  11 -12.32 0.2147050E+02 0.4950520E+01 0.4735840E+01
  11 -10.42 0.2145690E+02 0.4927730E+01 0.4755940E+01
  11  -8.53 0.2142200E+02 0.4903820E+01 0.4787090E+01
  11  -6.63 0.2135320E+02 0.4872990E+01 0.4836160E+01
  11  -4.74 0.2124150E+02 0.4860440E+01 0.4870240E+01
  11  -2.84 0.2108530E+02 0.4870300E+01 0.4882570E+01
  11  -0.95 0.2087710E+02 0.4890310E+01 0.4904620E+01
  11   0.95 0.2060690E+02 0.4865900E+01 0.5004830E+01
  11   2.84 0.2028450E+02 0.4907240E+01 0.5031710E+01
  11   4.74 0.1992640E+02 0.4957190E+01 0.5059140E+01
  11   6.63 0.1956280E+02 0.5008230E+01 0.5100240E+01
  11   8.53 0.1921530E+02 0.5033500E+01 0.5193240E+01
  11  10.42 0.1887520E+02 0.5108780E+01 0.5234030E+01
  11  12.32 0.1852630E+02 0.5200220E+01 0.5266480E+01
  11  14.21 0.1816170E+02 0.5277580E+01 0.5332220E+01
  11  16.11 0.1775990E+02 0.5360290E+01 0.5400220E+01
  11  18.00 0.1731540E+02 0.5447150E+01 0.5465720E+01
  11  19.89 0.1682800E+02 0.5522810E+01 0.5541790E+01
  11  21.79 0.1630250E+02 0.5585870E+01 0.5625280E+01
  11  23.68 0.1576190E+02 0.5645110E+01 0.5704850E+01
  11  25.58 0.1521800E+02 0.5698390E+01 0.5785620E+01
  11  27.47 0.1470140E+02 0.5734870E+01 0.5889630E+01
  11  29.37 0.1421010E+02 0.5774430E+01 0.5989310E+01
  11  31.26 0.1373050E+02 0.5816550E+01 0.6086340E+01
  11  33.16 0.1326400E+02 0.5841640E+01 0.6209030E+01
  11  35.05 0.1279950E+02 0.5861290E+01 0.6334830E+01
  11  36.95 0.1235360E+02 0.5872800E+01 0.6470990E+01
  11  38.84 0.1196380E+02 0.5882040E+01 0.6625550E+01
  11  40.74 0.1162880E+02 0.5904150E+01 0.6770300E+01
  11  42.63 0.1133960E+02 0.5922040E+01 0.6926640E+01
  11  44.53 0.1109140E+02 0.5945360E+01 0.7084360E+01
  11  46.42 0.1087140E+02 0.5966210E+01 0.7244680E+01
  11  48.32 0.1067150E+02 0.5985520E+01 0.7401190E+01
  11  50.21 0.1049540E+02 0.5995370E+01 0.7554900E+01
  11  52.11 0.1034570E+02 0.5990830E+01 0.7695680E+01
  11  54.00 0.1022340E+02 0.5965560E+01 0.7828040E+01
  11  55.89 0.1012990E+02 0.5925240E+01 0.7932030E+01
  11  57.79 0.1007170E+02 0.5858310E+01 0.8018340E+01
  11  59.68 0.1004500E+02 0.5767510E+01 0.8094090E+01
  11  61.58 0.1004100E+02 0.5662540E+01 0.8156050E+01
  11  63.47 0.1006170E+02 0.5551840E+01 0.8213040E+01
  11  65.37 0.1010210E+02 0.5426030E+01 0.8269970E+01
  11  67.26 0.1016090E+02 0.5272080E+01 0.8324620E+01
  11  69.16 0.1023700E+02 0.5084230E+01 0.8394690E+01
  11  71.05 0.1032210E+02 0.4873290E+01 0.8498250E+01
  11  72.95 0.1037520E+02 0.4646300E+01 0.8669690E+01
  11  74.84 0.1036130E+02 0.4376050E+01 0.8988420E+01
  11  76.74 0.1029050E+02 0.3945380E+01 0.9642240E+01
  11  78.63 0.1021590E+02 0.3535930E+01 0.1028210E+02
  11  80.53 0.1017450E+02 0.3166030E+01 0.1085930E+02
  11  82.42 0.1016420E+02 0.2861370E+01 0.1130580E+02
  11  84.32 0.1017800E+02 0.2768110E+01 0.1145280E+02
  11  86.21 0.1018530E+02 0.2738170E+01 0.1151230E+02
  11  88.11 0.1018670E+02 0.2725470E+01 0.1154480E+02
  11  90.00 0.1018820E+02 0.2721970E+01 0.1155260E+02
  12 -90.00 0.2578280E+02 0.3301420E+01 0.1370060E+01
  12 -88.11 0.2584160E+02 0.3299740E+01 0.1376730E+01
  12 -86.21 0.2599800E+02 0.3291090E+01 0.1397860E+01
  12 -84.32 0.2625540E+02 0.3304770E+01 0.1429780E+01
  12 -82.42 0.2659960E+02 0.3347800E+01 0.1468950E+01
  12 -80.53 0.2701750E+02 0.3412000E+01 0.1514580E+01
  12 -78.63 0.2754050E+02 0.3495630E+01 0.1566070E+01
  12 -76.74 0.2814780E+02 0.3597040E+01 0.1629950E+01
  12 -74.84 0.2881980E+02 0.3711590E+01 0.1706860E+01
  12 -72.95 0.2954640E+02 0.3833660E+01 0.1799590E+01
  12 -71.05 0.3030650E+02 0.3969390E+01 0.1901690E+01
  12 -69.16 0.3106420E+02 0.4115070E+01 0.2011730E+01
  12 -67.26 0.3180670E+02 0.4272050E+01 0.2121830E+01
  12 -65.37 0.3251740E+02 0.4441110E+01 0.2230030E+01
  12 -63.47 0.3313670E+02 0.4614760E+01 0.2335380E+01
  12 -61.58 0.3365940E+02 0.4798700E+01 0.2431670E+01
  12 -59.68 0.3404080E+02 0.4897180E+01 0.2632240E+01
  12 -57.79 0.3424030E+02 0.4838370E+01 0.3007290E+01
  12 -55.89 0.3424330E+02 0.4843130E+01 0.3275250E+01
  12 -54.00 0.3406210E+02 0.4852820E+01 0.3507710E+01
  12 -52.11 0.3371780E+02 0.4857510E+01 0.3702150E+01
  12 -50.21 0.3326470E+02 0.4842430E+01 0.3873900E+01
  12 -48.32 0.3276290E+02 0.4837220E+01 0.3994990E+01
  12 -46.42 0.3227780E+02 0.4830480E+01 0.4101070E+01
  12 -44.53 0.3183260E+02 0.4833130E+01 0.4187870E+01
  12 -42.63 0.3144080E+02 0.4851500E+01 0.4258770E+01
  12 -40.74 0.3107880E+02 0.4879710E+01 0.4324350E+01
  12 -38.84 0.3072880E+02 0.4915020E+01 0.4388200E+01
  12 -36.95 0.3036780E+02 0.4949130E+01 0.4456430E+01
  12 -35.05 0.2998490E+02 0.5000550E+01 0.4494750E+01
  12 -33.16 0.2958050E+02 0.5035070E+01 0.4550190E+01
  12 -31.26 0.2915650E+02 0.5043320E+01 0.4623050E+01
  12 -29.37 0.2872160E+02 0.5079490E+01 0.4633280E+01
  12 -27.47 0.2827100E+02 0.5064600E+01 0.4697310E+01
  12 -25.58 0.2782200E+02 0.5076800E+01 0.4697960E+01
  12 -23.68 0.2737060E+02 0.5035350E+01 0.4759690E+01
  12 -21.79 0.2691610E+02 0.5030070E+01 0.4745940E+01
  12 -19.89 0.2645250E+02 0.4960030E+01 0.4809790E+01
  12 -18.00 0.2600270E+02 0.4939250E+01 0.4786060E+01
  12 -16.11 0.2556910E+02 0.4904940E+01 0.4779810E+01
  12 -14.21 0.2513550E+02 0.4840130E+01 0.4816270E+01
  12 -12.32 0.2468640E+02 0.4813980E+01 0.4794070E+01
  12 -10.42 0.2423100E+02 0.4734380E+01 0.4858710E+01
  12  -8.53 0.2377660E+02 0.4711620E+01 0.4843350E+01
  12  -6.63 0.2332130E+02 0.4698650E+01 0.4831670E+01
  12  -4.74 0.2285460E+02 0.4633750E+01 0.4909010E+01
  12  -2.84 0.2238200E+02 0.4627610E+01 0.4909740E+01
  12  -0.95 0.2190290E+02 0.4632640E+01 0.4915400E+01
  12   0.95 0.2142550E+02 0.4589020E+01 0.5009240E+01
  12   2.84 0.2094700E+02 0.4609520E+01 0.5027170E+01
  12   4.74 0.2046880E+02 0.4643640E+01 0.5050460E+01
  12   6.63 0.2000150E+02 0.4637210E+01 0.5161700E+01
  12   8.53 0.1955740E+02 0.4706120E+01 0.5193690E+01
  12  10.42 0.1911790E+02 0.4790620E+01 0.5225470E+01
  12  12.32 0.1866550E+02 0.4843250E+01 0.5317870E+01
  12  14.21 0.1819820E+02 0.4925210E+01 0.5379600E+01
  12  16.11 0.1770980E+02 0.5029010E+01 0.5420370E+01
  12  18.00 0.1719730E+02 0.5105710E+01 0.5503830E+01
  12  19.89 0.1666180E+02 0.5166550E+01 0.5608510E+01
  12  21.79 0.1611530E+02 0.5251100E+01 0.5671290E+01
  12  23.68 0.1557030E+02 0.5300180E+01 0.5778870E+01
  12  25.58 0.1503600E+02 0.5328760E+01 0.5909900E+01
  12  27.47 0.1452390E+02 0.5392620E+01 0.5991750E+01
  12  29.37 0.1405410E+02 0.5419360E+01 0.6140630E+01
  12  31.26 0.1362400E+02 0.5463500E+01 0.6273360E+01
  12  33.16 0.1322240E+02 0.5530030E+01 0.6374170E+01
  12  35.05 0.1283810E+02 0.5529980E+01 0.6558320E+01
  12  36.95 0.1248870E+02 0.5563380E+01 0.6690920E+01
  12  38.84 0.1219770E+02 0.5581900E+01 0.6866940E+01
  12  40.74 0.1195820E+02 0.5620690E+01 0.7023900E+01
  12  42.63 0.1174750E+02 0.5659770E+01 0.7182490E+01
  12  44.53 0.1156050E+02 0.5687200E+01 0.7352840E+01
  12  46.42 0.1138240E+02 0.5704060E+01 0.7513140E+01
  12  48.32 0.1121450E+02 0.5718690E+01 0.7650900E+01
  12  50.21 0.1104930E+02 0.5693660E+01 0.7816810E+01
  12  52.11 0.1089330E+02 0.5688150E+01 0.7908790E+01
  12  54.00 0.1075410E+02 0.5618500E+01 0.8048560E+01
  12  55.89 0.1063670E+02 0.5522550E+01 0.8164310E+01
  12  57.79 0.1054900E+02 0.5401050E+01 0.8256500E+01
  12  59.68 0.1049300E+02 0.5259900E+01 0.8330430E+01
  12  61.58 0.1045730E+02 0.5104630E+01 0.8396950E+01
  12  63.47 0.1043730E+02 0.4944710E+01 0.8457820E+01
  12  65.37 0.1043340E+02 0.4736000E+01 0.8581980E+01
  12  67.26 0.1044690E+02 0.4503830E+01 0.8711550E+01
  12  69.16 0.1047280E+02 0.4243300E+01 0.8874740E+01
  12  71.05 0.1049590E+02 0.3886480E+01 0.9194050E+01
  12  72.95 0.1050000E+02 0.3406530E+01 0.9778440E+01
  12  74.84 0.1046970E+02 0.2664340E+01 0.1088840E+02
  12  76.74 0.1041270E+02 0.2506910E+01 0.1118230E+02
  12  78.63 0.1035050E+02 0.2459240E+01 0.1136190E+02
  12  80.53 0.1030860E+02 0.2430750E+01 0.1149060E+02
  12  82.42 0.1028610E+02 0.2413230E+01 0.1158720E+02
  12  84.32 0.1027720E+02 0.2407900E+01 0.1166140E+02
  12  86.21 0.1027450E+02 0.2406320E+01 0.1171150E+02
  12  88.11 0.1029130E+02 0.2406840E+01 0.1174940E+02
  12  90.00 0.1029360E+02 0.2405530E+01 0.1175620E+02
